yyyy	mm	SLR	PCP	MAX	MIN	HMD	DIF	TAS
1990	1	77.87	22	5	0.4	84.84	4.61	2.7
1990	2	166.34	53.9	10.35	1.94	77.32	8.42	6.14
1990	3	286.68	24.2	11.65	3.21	74.45	8.45	7.43
1990	4	435.56	42.5	13.58	3.07	72.23	10.51	8.32
1990	5	650.62	17.1	20.64	7.37	64.68	13.27	14
1990	6	497.13	108.9	21.05	11.74	77.13	9.31	16.4
1990	7	543.14	23.2	22.52	11.6	71.55	10.92	17.06
1990	8	509.86	54.1	24.77	12.41	70.61	12.36	18.59
1990	9	267.9	53.3	15.88	8.64	82.2	7.23	12.26
1990	10	222.12	28.9	14.96	5.5	79.77	9.47	10.23
1990	11	76.08	55.5	6.85	2.09	89.97	4.75	4.47
1990	12	65.13	61.3	2.15	-1.58	88.39	3.73	0.28
1991	1	81.96	21	4.08	-1.23	83.16	5.31	1.43
1991	2	151.49	13.2	0.36	-6.85	81.86	7.21	-3.24
1991	3	296.57	24.3	10.31	1.55	81.39	8.76	5.93
1991	4	443.74	50.4	12.98	2.66	75.23	10.32	7.82
1991	5	485.3	45	14.42	5.15	77.81	9.26	9.79
1991	6	553.16	76.2	19.8	9.6	74.2	10.19	14.7
1991	7	623.68	39.8	25.65	13.78	69.65	11.86	19.71
1991	8	453.94	29.7	23.92	13.08	75.55	10.84	18.5
1991	9	350.7	26.4	21.12	9.29	74.47	11.83	15.21
1991	10	227.61	34.9	13.16	4	81.1	9.17	8.58
1991	11	86.65	50.6	6.26	1.07	87.37	5.19	3.67
1991	12	64.65	45.6	3.11	-2.28	87.68	5.39	0.42
1992	1	73.52	28.9	2.91	-2.1	87.26	5.01	0.41
1992	2	134.87	37.7	6.07	-0.01	86.45	6.08	3.03
1992	3	284.73	83.6	8.87	0.61	80.71	8.26	4.74
1992	4	440.15	16.6	13.47	3.18	70.8	10.29	8.32
1992	5	577.6	17	20.05	7.71	66.48	12.35	13.88
1992	6	631.54	13	25.51	12.34	58.93	13.16	18.93
1992	7	596.02	55	26.62	13.81	64.71	12.81	20.22
1992	8	484.47	54.9	27.41	14.56	67.26	12.85	20.99
1992	9	346.08	16.2	19.19	8.74	76.17	10.45	13.97
1992	10	183.28	28.7	10.26	1.76	82.81	8.5	6.01
1992	11	92.84	46.7	7.22	1.59	86.93	5.63	4.4
1992	12	66.72	40.3	2.28	-2.49	89.23	4.77	-0.1
1993	1	88.74	62.9	4.51	-2.35	80.42	6.86	1.08
1993	2	135.12	42	2.15	-3.21	87.04	5.36	-0.53
1993	3	300.51	25.8	7.06	-0.93	78.58	7.99	3.07
1993	4	510.69	12	15.54	3.84	64.5	11.7	9.69
1993	5	594.03	67.7	22.14	9.81	65.71	12.33	15.97
1993	6	540.84	54.6	20.24	10.28	73.2	9.96	15.26
1993	7	511.31	149.3	21.58	11.3	77.35	10.29	16.44
1993	8	465.39	67.4	21.34	11.07	75.23	10.27	16.21
1993	9	272.55	65.4	16.59	8.6	84.5	7.98	12.6
1993	10	193.99	21	12.08	4.04	84.03	8.04	8.06
1993	11	90.73	45.1	1.44	-3.27	89.93	4.7	-0.91
1993	12	62.65	108.2	4.49	-0.39	87.32	4.88	2.05
1994	1	70	66.6	4.97	0.41	86.29	4.57	2.69
1994	2	168.43	16.7	1.28	-5.35	82.57	6.62	-2.04
1994	3	247.3	84.2	8.99	1.71	81.39	7.27	5.35
1994	4	430.06	56.5	14.15	3.25	72.57	10.9	8.7
1994	5	518.75	62.7	17.98	7.35	72.19	10.64	12.66
1994	6	584.22	47.6	21.64	10.15	69.9	11.49	15.9
1994	7	679.73	35.7	28.8	14.26	59.52	14.54	21.53
1994	8	461.4	90.6	23.85	13.19	71.23	10.66	18.52
1994	9	272.12	60	17.79	10.35	83.5	7.44	14.07
1994	10	217.96	20.9	12.06	2.74	81.42	9.33	7.4
1994	11	98.08	45.4	8.65	2.13	85.3	6.52	5.39
1994	12	61.08	60.2	5.24	-0.05	87.9	5.29	2.59
1995	1	83.09	52.5	2.42	-3.25	85.39	5.67	-0.41
1995	2	133.33	60.2	7.54	0.57	82.21	6.97	4.05
1995	3	306.24	55.6	7.48	-0.8	77.48	8.28	3.34
1995	4	401.31	23.6	13.05	3.49	73.57	9.56	8.27
1995	5	575.25	76.6	18.26	6.14	70.35	12.12	12.2
1995	6	500.08	121.4	20.21	10.43	78.93	9.78	15.32
1995	7	660.32	56.8	27.07	13.82	67.23	13.26	20.45
1995	8	524.22	95.3	25.19	12.25	68.19	12.95	18.72
1995	9	277.21	54.6	17.25	9.55	83.4	7.69	13.4
1995	10	196.38	15.2	16	6.54	84.71	9.46	11.27
1995	11	97.96	41.9	4.41	-1.64	87.73	6.04	1.39
1995	12	68.04	26.2	-1.46	-6.59	88.16	5.13	-4.02
1996	1	94.69	1.5	-2.75	-7.78	86.87	5.04	-5.26
1996	2	165.31	40.5	-0.36	-7.56	82.38	7.2	-3.96
1996	3	325.57	15.6	3.1	-3.38	80	6.47	-0.14
1996	4	496.78	16.5	14.91	1.95	68.8	12.96	8.43
1996	5	462.54	74.6	16.9	7.97	79.61	8.93	12.43
1996	6	535.53	47.2	21.66	10.83	73.07	10.82	16.25
1996	7	484.87	170.9	20.88	11.32	77.68	9.57	16.1
1996	8	470.43	58.6	23.32	12.71	76.77	10.61	18.01
1996	9	278.53	40.3	14.57	7.05	84.1	7.52	10.81
1996	10	179.89	40.2	13.87	6.28	86.19	7.59	10.08
1996	11	83.48	38.6	7.33	2.45	86.53	4.88	4.89
1996	12	76.27	11.3	-1.24	-6.28	88.13	5.04	-3.76
1997	1	87.14	7.5	-0.62	-6.04	88.9	5.42	-3.33
1997	2	151.97	53.4	6.78	0.21	79.64	6.57	3.5
1997	3	319.23	21.9	9.31	0.12	76.03	9.19	4.71
1997	4	443.41	54.5	10.57	1.06	69.57	9.51	5.81
1997	5	560.93	79.5	18.63	7.81	74.1	10.81	13.22
1997	6	593.36	73.1	22.24	10.86	71.6	11.38	16.55
1997	7	516.27	149	23	13.13	78.13	9.87	18.07
1997	8	541.05	52.5	26.28	13.38	71.23	12.9	19.83
1997	9	332.5	42.5	19.19	8.37	78.6	10.83	13.78
1997	10	193.36	44.2	11.24	3.85	83.29	7.39	7.54
1997	11	87.13	6.1	5.35	0.13	88.17	5.22	2.74
1997	12	58.35	57.7	3.77	-0.72	89.45	4.49	1.53
1998	1	82.96	64.6	4.83	-0.62	86.29	5.45	2.1
1998	2	123.9	39.4	8.09	1.37	81.5	6.72	4.73
1998	3	318.59	60.2	8.25	-0.44	75.81	8.69	3.9
1998	4	389.47	69.6	15.03	5.37	76.47	9.65	10.2
1998	5	598.51	23.8	20.68	8.75	69.58	11.94	14.71
1998	6	532.43	71.5	22.75	12.14	74.7	10.61	17.45
1998	7	507.36	71.4	22.52	12.46	75.23	10.06	17.49
1998	8	458.03	79.2	22.2	11.93	74.71	10.27	17.07
1998	9	270.53	49.3	18.14	9.57	84.4	8.58	13.85
1998	10	156.35	99.7	11.51	5.48	84.35	6.03	8.49
1998	11	89.53	42.6	2.64	-1.55	89.73	4.2	0.54
1998	12	67.4	40.3	2.39	-2.75	87	5.14	-0.18
1999	1	85.2	39.7	4.87	-1.16	86.58	6.03	1.86
1999	2	142.26	55.2	2.79	-2.65	86.86	5.44	0.07
1999	3	282.84	63.9	9.27	1.33	81.1	7.94	5.3
1999	4	439.71	78.6	14.63	4.51	76.33	10.13	9.57
1999	5	621.59	50.3	19.66	7.6	68.39	12.06	13.63
1999	6	472.7	57.2	21.22	11.39	76.67	9.83	16.31
1999	7	584.07	35.7	25.65	14.32	69.35	11.33	19.99
1999	8	471.61	46.3	23.77	12.34	69.29	11.44	18.05
1999	9	358.6	23.8	23.14	11.28	75.13	11.86	17.21
1999	10	177.1	32	13.25	5.52	83.97	7.73	9.39
1999	11	99.19	30.6	5.99	0.19	88.77	5.8	3.09
1999	12	65.08	54.9	4.14	-0.5	85.45	4.64	1.82
2000	1	75.93	58.8	2.65	-2.7	86.29	5.35	-0.02
2000	2	138.77	52.1	6.81	0.66	83.31	6.15	3.73
2000	3	228.05	91.3	8.39	1.35	81.71	7.05	4.87
2000	4	480.22	28.5	17.72	5.79	71.47	11.93	11.75
2000	5	647.52	31	22.28	8.87	63.94	13.41	15.58
2000	6	616.56	56.1	23.92	11.66	66.07	12.26	17.79
2000	7	415.38	83.6	20.52	12.5	79.13	8.02	16.51
2000	8	507.81	69.2	24.28	12.65	74.03	11.63	18.46
2000	9	287.88	43	17.85	8.92	81.3	8.93	13.38
2000	10	167.31	18.3	15.83	8.43	83.81	7.39	12.13
2000	11	98.78	29.4	9.61	3.14	87.23	6.47	6.38
2000	12	66.9	48.9	4.6	-0.09	89.61	4.68	2.25
2001	1	83.4	31.1	2.58	-2.07	89.42	4.65	0.25
2001	2	152.41	26.9	4.92	-2.32	83.64	7.24	1.3
2001	3	254.04	69.1	6.35	-0.79	82.87	7.14	2.78
2001	4	405.54	33.9	12.75	3.24	77.5	9.51	8
2001	5	576.44	26.5	20.53	8.27	68.29	12.25	14.4
2001	6	494.94	71.2	20.06	9.94	76.53	10.12	15
2001	7	539.71	48.9	25.38	13.81	73.77	11.57	19.59
2001	8	455.86	69.3	25.26	14.01	76.39	11.26	19.64
2001	9	214.92	139	15.51	8.97	87.4	6.54	12.24
2001	10	183.66	21.5	16.66	8.87	85.81	7.79	12.76
2001	11	90.72	31	6.11	0.42	87	5.68	3.27
2001	12	63.31	67.5	1.15	-3.38	88	4.53	-1.12
2002	1	88.41	47.8	3.94	-2.14	85.68	6.07	0.9
2002	2	147.29	84.3	8.41	0.87	80.86	7.54	4.64
2002	3	310.76	49.6	9.37	0.93	77.39	8.44	5.15
2002	4	411.92	61.5	13.55	3.55	74.07	9.99	8.55
2002	5	532.57	35.4	21.49	10.35	74.87	11.14	15.92
2002	6	543.2	27	22.75	11.99	72.07	10.75	17.37
2002	7	498.25	90.5	25.54	13.87	72.68	11.67	19.7
2002	8	477.38	87.9	26.55	14.96	75.1	11.58	20.76
2002	9	334.19	36.8	19.35	8.71	78.23	10.64	14.03
2002	10	177.7	92.5	11.5	4.05	84.39	7.45	7.78
2002	11	83.57	62.5	6.74	0.82	88.1	5.92	3.78
2002	12	69.45	10.7	-0.61	-5.54	86.39	4.93	-3.07
2003	1	70.99	61.4	1.4	-4.42	88.1	5.82	-1.51
2003	2	183.99	6.3	1.57	-6.33	81.25	7.9	-2.38
2003	3	331.12	35.6	8.73	-1.25	75.45	9.98	3.74
2003	4	501.78	20.1	13.92	2.29	65.4	11.63	8.1
2003	5	622.67	14.8	21.65	9.1	67.61	12.55	15.38
2003	6	633.57	35.3	25.15	12.46	63.43	12.69	18.81
2003	7	530.02	79.4	24.93	14.1	73.68	10.82	19.51
2003	8	549.55	13.2	26.23	13.2	65.26	13.03	19.71
2003	9	358.25	30.3	20.88	8.49	73.6	12.39	14.68
2003	10	191.63	39.3	9.83	1.66	83.65	8.16	5.75
2003	11	101.21	25.4	8.81	2.3	88.53	6.51	5.56
2003	12	69.65	44.6	4.6	-0.89	85.39	5.49	1.85
2004	1	85.97	61.6	-0.1	-5.7	86.06	5.6	-2.9
2004	2	143.92	44	4.76	-1.01	82.79	5.77	1.87
2004	3	282.16	22.2	8.67	0.88	78.13	7.79	4.78
2004	4	471.3	17.5	15.17	3.74	70.13	11.43	9.45
2004	5	527.81	50.4	17.71	7.39	71.77	10.31	12.55
2004	6	549.25	50	21.16	10.14	72.07	11.03	15.65
2004	7	580.37	76	23.39	12.22	74.29	11.17	17.81
2004	8	515.65	46.8	25.59	13.36	71.97	12.23	19.48
2004	9	355.79	31.9	19.65	8.49	75.13	11.16	14.07
2004	10	208.81	44.2	14.54	5.76	82.84	8.77	10.15
2004	11	89.01	76.4	6.87	1.39	87.83	5.48	4.13
2004	12	57.64	47.8	3.85	-0.6	88.65	4.45	1.62
2005	1	83.64	52.4	4.54	-0.39	84.29	4.94	2.07
2005	2	147.14	54.4	1.34	-4.31	84.29	5.65	-1.48
2005	3	327.22	22	6.47	-2	77.84	8.47	2.23
2005	4	511.29	16.9	15.74	2.87	66.1	12.86	9.31
2005	5	555.17	66	19.12	8.02	72.81	11.1	13.57
2005	6	614.11	36.1	22.14	10.07	69.4	12.07	16.11
2005	7	520.83	113.3	25.02	13.78	72.61	11.24	19.4
2005	8	502.54	44.6	22.26	11.35	75.45	10.92	16.81
2005	9	389.58	33.8	22.24	9.4	76.83	12.84	15.82
2005	10	237.61	12.4	16.48	5.63	80.81	10.86	11.05
2005	11	97.43	14.3	7.22	0.43	88.13	6.79	3.83
2005	12	52.85	75.8	2.87	-1.94	90.23	4.82	0.47
2006	1	105.25	20.7	-1.71	-8.45	85.87	6.74	-5.08
2006	2	130.39	37.1	1.71	-3.71	87.46	5.43	-1
2006	3	270.49	37.6	4.66	-2.7	82.1	7.36	0.98
2006	4	470.7	37.4	14.28	4.09	73.5	10.2	9.18
2006	5	611.26	41.9	19.31	7.74	67	11.57	13.53
2006	6	631.21	34.6	24.15	11.72	68.33	12.43	17.94
2006	7	703.13	17.8	30.46	15.66	56.94	14.8	23.06
2006	8	411.71	95.3	21.67	13.13	78.87	8.54	17.4
2006	9	392.59	11.6	23.17	11.26	75.03	11.9	17.22
2006	10	194.98	44.8	16.24	6.99	82.26	9.25	11.61
2006	11	98.57	45.4	10.23	3.52	86.33	6.71	6.87
2006	12	62.69	32.4	7.19	2.35	87.32	4.84	4.77
2007	1	70.76	99	7.39	1.78	82.29	5.61	4.59
2007	2	129.03	68.2	5.11	-0.78	86.21	5.9	2.17
2007	3	309.96	52.6	11.36	2.05	76.58	9.31	6.71
2007	4	544.93	5.2	17.7	3.68	61	14.02	10.69
2007	5	587.34	86.9	21.47	8.91	69.23	12.56	15.19
2007	6	575.03	73.4	24.4	13.03	72	11.36	18.72
2007	7	531.81	92.6	23.36	13.49	73.71	9.87	18.43
2007	8	481.82	62.5	23.5	12.83	74.68	10.67	18.17
2007	9	299.9	57.8	17.89	8.73	80.73	9.17	13.31
2007	10	195.49	16.6	12.15	4.11	85.39	8.05	8.13
2007	11	90.34	55.5	5.43	0.54	88.63	4.89	2.99
2007	12	61.89	36.7	3.44	-0.65	88.58	4.09	1.39
2008	1	76.57	102.2	5.53	0.07	85.9	5.46	2.8
2008	2	139.23	25.1	7.76	1.07	80.34	6.69	4.41
2008	3	312.84	63.9	8.3	0.88	79.58	7.42	4.59
2008	4	381.81	87.2	13.13	3.88	76.57	9.25	8.5
2008	5	624.2	10.5	20.55	7.93	66.1	12.63	14.24
2008	6	629.91	26	24.43	11.14	60.33	13.29	17.78
2008	7	597.6	61.1	25.06	13	68.03	12.05	19.03
2008	8	445.22	112.8	23.6	13.17	73.84	10.43	18.39
2008	9	312.82	48.3	17.84	9.14	80.8	8.71	13.49
2008	10	191.1	61.6	13.62	5.49	86	8.13	9.55
2008	11	87.88	56.6	7.97	2.7	88.67	5.27	5.34
2008	12	59.96	27.4	3.61	-0.97	89.77	4.57	1.32
2009	1	83.73	32.9	0.1	-5.95	89.06	6.05	-2.92
2009	2	119.97	56.8	2.05	-2.34	89	4.39	-0.14
2009	3	246.46	60.5	7.95	1.22	82.03	6.73	4.58
2009	4	573.68	9	18.84	4.86	62.63	13.98	11.85
2009	5	558.18	102.8	19.69	7.15	69.42	12.54	13.42
2009	6	531.35	74.5	20.4	10.69	77.17	9.71	15.55
2009	7	607.73	70.6	24.6	13.92	74.71	10.68	19.26
2009	8	550.86	15.5	25.59	12.71	69.61	12.88	19.15
2009	9	350.33	33	21.01	9.65	77.13	11.36	15.33
2009	10	154.81	82	10.55	4.34	87.61	6.21	7.44
2009	11	104.4	48.5	9.91	3.81	86.43	6.09	6.86
2009	12	59.08	57.9	1.58	-3.03	89.68	4.61	-0.72
2010	1	93.96	35.4	-3.83	-8.98	87.84	5.15	-6.41
2010	2	152.16	21	1.81	-3.91	85.68	5.72	-1.05
2010	3	298.11	48.3	8.53	-0.19	78.97	8.72	4.17
2010	4	509.2	29.7	14.93	3	69.3	11.93	8.97
2010	5	394.42	90.6	15.44	7.69	81.61	7.75	11.56
2010	6	595.69	17.1	23.14	10.28	69.07	12.86	16.71
2010	7	632.65	94.7	28.09	14.79	65.39	13.3	21.44
2010	8	418.62	130.1	23.1	13.93	80.1	9.17	18.51
2010	9	302.74	99.2	17.21	8.42	83.77	8.79	12.81
2010	10	227.93	18	11.49	2.74	82.19	8.76	7.11
2010	11	69.56	120.3	7.2	2.18	89.6	5.02	4.69
2010	12	64.33	85.1	-2.45	-9.05	90.48	6.6	-5.75
2011	1	77.35	30.9	2.82	-1.99	91.39	4.81	0.41
2011	2	158.18	30.1	1.23	-5.44	79.79	6.67	-2.11
2011	3	341.58	29.1	9.77	-1.05	74.13	10.82	4.36
2011	4	465.97	17.3	17.92	5.92	65.77	12	11.92
2011	5	627.99	25.3	21.04	7.3	64.45	13.74	14.17
2011	6	611.61	42	24.62	12.34	67.2	12.28	18.48
2011	7	451.4	179.5	22.69	12.74	78.26	9.95	17.72
2011	8	492.08	33.9	23.9	13.45	76.06	10.46	18.67
2011	9	365.72	79.1	20.94	10.22	78.23	10.71	15.58
2011	10	220.77	30.7	14.36	5.25	84.06	9.12	9.8
2011	11	128.37	0.8	7.73	0.18	88.5	7.56	3.95
2011	12	58.5	74.9	6.05	1.42	86.35	4.62	3.73
2012	1	78.67	79.6	3.41	-1.36	85.65	4.76	1.02
2012	2	146.72	55.5	0.17	-7.02	82.21	7.19	-3.42
2012	3	309.34	16.3	11.26	2.08	74.97	9.18	6.67
2012	4	481.57	28.4	14.71	3.51	67.87	11.2	9.11
2012	5	607.81	45.1	21.39	9.01	64.65	12.39	15.2
2012	6	528.08	84.7	21.35	10.96	74.23	10.39	16.16
2012	7	588.26	159.1	24.23	13.91	74.87	10.32	19.07
2012	8	514.9	89.3	24.61	13.15	74.16	11.46	18.88
2012	9	345.31	42.1	20	9.47	78.53	10.54	14.73
2012	10	206.76	20.2	13.43	4.46	84.68	8.97	8.95
2012	11	86.02	63.7	7.91	2.39	90.2	5.52	5.15
2012	12	66.36	47	2.08	-3.47	89.06	5.55	-0.69
2013	1	69.39	74.3	1.1	-3.83	88.71	4.93	-1.37
2013	2	120.55	43.8	1.58	-1.91	90.04	3.49	-0.17
2013	3	321.83	38.5	2.24	-5.6	77.48	7.84	-1.68
2013	4	426.28	14.6	13.28	3.63	72.13	9.64	8.46
2013	5	506.08	68.1	19.51	8.98	74.16	10.53	14.25
2013	6	537.67	109.5	22.37	11.91	74.23	10.46	17.14
2013	7	631.79	40.5	26.31	13.52	69.45	12.79	19.91
2013	8	510.32	28.6	25	12.98	71.32	12.01	18.99
2013	9	274.49	44.7	17.52	8.55	82.67	8.97	13.04
2013	10	210.71	27	15.66	6.16	82.42	9.5	10.91
2013	11	67.59	48.2	7.73	2.23	89.33	5.5	4.98
2013	12	66.01	31.7	6.05	0.59	87	5.46	3.32
2014	1	84.56	37.2	2.24	-2.91	87.71	5.15	-0.34
2014	2	184.76	13.9	8.86	-0.34	80.82	9.21	4.26
2014	3	322.48	32.5	12.78	1.72	76.68	11.06	7.25
2014	4	442.47	35.7	16.5	5.48	74.63	11.02	10.99
2014	5	526.93	102.7	18.7	7.94	74.77	10.76	13.32
2014	6	591.25	59.1	22.07	10.64	70.97	11.43	16.36
2014	7	624.74	81.3	27.34	15.05	69.97	12.29	21.19
2014	8	488.74	107.4	22.8	11.91	75.48	10.89	17.35
2014	9	331.28	55.5	20.24	11.12	81.4	9.12	15.68
2014	10	197.6	46	15.73	7.5	86.16	8.23	11.61
2014	11	96.05	7.1	9	3.63	89.73	5.37	6.32
2014	12	59.18	41.7	4.58	-0.35	87.29	4.93	2.11
2015	1	67.66	63	4.56	-0.02	86.23	4.57	2.27
2015	2	169.02	10.6	5.34	-2.41	83.14	7.75	1.46
2015	3	315.93	42.1	10.25	0.79	75.32	9.47	5.52
2015	4	499.06	25.8	14.68	2.34	67.33	12.35	8.51
2015	5	575.66	18	19.1	6.24	68.48	12.86	12.67
2015	6	565.66	71.5	21.76	10.2	70	11.56	15.98
2015	7	620.03	83	25.71	13.62	66.71	12.09	19.67
2015	8	572.28	7.2	29.61	14.84	59.87	14.77	22.22
2015	9	360.24	53.2	20.07	8.99	77.17	11.08	14.53
2015	10	204.37	39.6	12.34	4.05	81.48	8.28	8.19
2015	11	96.35	67.8	10.28	3.19	85.63	7.09	6.73
2015	12	64.4	26.8	8.9	3.14	84.71	5.77	6.02
2016	1	78.67	45.8	1.57	-4.13	85.87	5.71	-1.28
2016	2	149.07	54.5	6.67	0.46	83.03	6.21	3.57
2016	3	268.14	29.2	7.77	0.32	82.9	7.45	4.04
2016	4	462.19	29.2	13.79	2.96	70.23	10.83	8.37
2016	5	605.72	35.3	21.25	8.91	66.94	12.34	15.08
2016	6	593.41	131.8	24.26	12.44	69.57	11.83	18.35
2016	7	548.77	83.4	24.72	13.76	72.42	10.96	19.24
2016	8	466.42	53.2	23.42	12.29	74.77	11.12	17.85
2016	9	377.72	8	23.57	10.44	73.1	13.13	17.01
2016	10	157.38	79.3	10.93	5.51	88.61	5.42	8.22
2016	11	96.05	40	6.31	0.18	88.03	6.13	3.24
2016	12	60.48	56.7	4.45	-0.82	88.03	5.26	1.81
2017	1	98.26	36.3	0.29	-4.92	87	5.21	-2.31
2017	2	140.36	48.5	4.28	-1.74	81.57	6.02	1.27
2017	3	290.6	43.1	11.35	1.96	76.74	9.39	6.66
2017	4	409.58	30.6	12.49	3.11	74.1	9.38	7.8
2017	5	549.26	42.4	20.07	7.98	70.68	12.09	14.02
2017	6	607.87	133.6	23.72	12.09	69.67	11.63	17.9
2017	7	540.1	134.4	23.85	13.55	75.13	10.31	18.7
2017	8	510.01	72.8	24.26	13.57	74.58	10.69	18.92
2017	9	300.67	51.4	17.88	9.01	82.7	8.87	13.45
2017	10	183.32	93.4	14.84	7.83	85.32	7.01	11.34
2017	11	79.35	65.9	7.78	2.83	89.1	4.95	5.31
2017	12	56.86	45	4.93	0.45	87.84	4.48	2.69
2018	1	76.97	70.3	5.09	0.33	85.68	4.76	2.71
2018	2	182.92	4.4	1.34	-5.69	80.46	7.04	-2.18
2018	3	281.12	33.6	5.13	-3.18	76.35	8.31	0.97
2018	4	513.99	46.5	19.53	6.63	69.17	12.89	13.08
2018	5	666.39	20.4	23.39	10.01	63.55	13.38	16.7
2018	6	578.97	24.3	24.93	13.17	67.17	11.76	19.05
2018	7	630.41	57.4	26.43	13.9	67.81	12.53	20.16
2018	8	557.2	11.6	27.96	14.48	63.03	13.48	21.22
2018	9	355.92	38.4	21.96	10.27	71.13	11.69	16.11
2018	10	230.74	35.2	16.18	5.54	77	10.65	10.86
2018	11	102.99	12.2	7.76	1.83	86.5	5.93	4.8
2018	12	45.92	61.7	5.25	1.33	89	3.92	3.29
2019	1	77.92	64	2.76	-2.09	85.77	4.85	0.34
2019	2	167.61	20.8	8.14	-0.35	78.5	8.49	3.89
2019	3	276.8	54.4	10.67	2.22	78.29	8.45	6.45
2019	4	533.23	10.8	16.83	3.32	63.57	13.52	10.07
2019	5	513.95	67.3	17.31	5.93	73.48	11.38	11.62
2019	6	712.27	23.6	29.29	14.22	61.47	15.07	21.76
2019	7	562.73	63	25.1	13.3	66	11.81	19.2
2019	8	538.17	26	26.98	13.76	67.87	13.22	20.37
2019	9	330.75	76.7	19.9	8.98	75.43	10.92	14.44
2019	10	200.28	44.4	15.68	6.13	84.52	9.56	10.9
2019	11	102.61	38.4	9.3	3.15	89.27	6.15	6.22
2019	12	64.99	30.9	6.17	0.73	85.74	5.44	3.45
