yyyy	mm	SLR	PCP	MAX	MIN	HMD	DIF	TAS
1990	1	93.06	17.4	3.27	-2.19	83.68	5.45	0.54
1990	2	185.19	41.8	9.39	0.48	76.61	8.91	4.94
1990	3	310.04	27	11.52	2.1	74.26	9.42	6.81
1990	4	411.66	56.4	12.35	3.11	76.9	9.24	7.73
1990	5	634.39	47	19.59	6.3	69.65	13.29	12.95
1990	6	541.15	80.4	21.43	9.82	76.5	11.61	15.63
1990	7	524.22	48.5	22.31	10.63	74.13	11.68	16.47
1990	8	505.09	48.1	24.26	10.69	74.29	13.57	17.47
1990	9	281.5	100.3	14.92	7.78	84.07	7.14	11.35
1990	10	239.93	24.4	15.17	3.84	79.19	11.33	9.5
1990	11	80.27	68.4	7.03	2.07	87.43	4.96	4.55
1990	12	82.03	41.5	1.1	-3.81	87.77	4.9	-1.35
1991	1	105.33	16.1	2.6	-3.69	83.87	6.28	-0.55
1991	2	182.97	21	-0.56	-8.48	82.57	7.92	-4.52
1991	3	279.64	21.8	9.58	1.25	81.97	8.34	5.41
1991	4	473.53	40.3	12.07	1.92	77.57	10.15	7
1991	5	484.74	83.5	14.66	4.5	78.19	10.17	9.58
1991	6	563.16	122.3	20.59	9.15	77.47	11.44	14.87
1991	7	555.5	93.4	24.43	12.89	77.84	11.54	18.66
1991	8	445.1	56.9	22.85	12.2	80.1	10.65	17.52
1991	9	375.3	68.1	20.18	8.38	79.27	11.8	14.28
1991	10	237.22	27.2	12.11	3.43	82.42	8.68	7.77
1991	11	108.02	82.4	6.04	0.74	86.83	5.31	3.39
1991	12	77.94	55.4	0.16	-4.93	87.26	5.08	-2.38
1992	1	96.29	45.4	1.26	-3.75	85.48	5.01	-1.25
1992	2	178.79	41.6	4.11	-2.1	84.28	6.21	1
1992	3	325.41	76.6	8.2	-0.82	77.81	9.02	3.69
1992	4	423.34	47.1	13.07	3.16	73.8	9.91	8.11
1992	5	550.17	25.4	18.99	6.69	71	12.31	12.84
1992	6	615.64	27.9	24.22	10.96	69.47	13.26	17.59
1992	7	652.84	111.7	25.83	12.67	68.65	13.16	19.25
1992	8	565.8	12.2	29.05	14.33	64.32	14.72	21.69
1992	9	324.98	48.7	19.05	7.86	77.63	11.19	13.45
1992	10	199.19	101.1	10.52	2.37	84.81	8.15	6.45
1992	11	111.19	44	6.63	1.04	85.83	5.59	3.83
1992	12	80.19	59.1	1.35	-3.95	87.61	5.29	-1.3
1993	1	109.13	47.1	3.45	-3.88	78.1	7.34	-0.22
1993	2	175.6	39.5	1.66	-5.46	83.82	7.13	-1.9
1993	3	334.32	48	5.04	-2.36	79.94	7.4	1.34
1993	4	486.88	19.8	14.28	2.55	69.57	11.73	8.42
1993	5	627.43	33.9	22.13	8.77	69.29	13.36	15.45
1993	6	521.09	99.2	20.75	9.99	75.3	10.76	15.37
1993	7	558.84	86.1	21.93	11.05	76.9	10.87	16.49
1993	8	510.94	47.1	22.67	10.36	75.87	12.31	16.51
1993	9	350.02	53.1	18.08	7.98	80.9	10.1	13.03
1993	10	196.72	30.5	12.72	4.73	84.55	7.99	8.72
1993	11	126.05	29.4	2.52	-3.66	87.13	6.18	-0.57
1993	12	73.48	60.5	4.01	-0.78	85.45	4.8	1.61
1994	1	104.21	55.6	5.06	-0.06	83.19	5.12	2.5
1994	2	172.02	10	2.28	-4.66	82.11	6.94	-1.19
1994	3	296.73	94	8.87	1.34	80.06	7.53	5.1
1994	4	430.5	92.5	14.06	3.23	75.57	10.83	8.65
1994	5	552.32	86.4	18.44	7.06	73.42	11.38	12.75
1994	6	605.09	32.9	21.9	10.03	70.8	11.87	15.96
1994	7	699.48	37.6	28.17	12.89	63.74	15.28	20.53
1994	8	471.07	110.6	24.29	13.01	74	11.28	18.65
1994	9	310.01	72.6	19.52	9.96	82.73	9.56	14.74
1994	10	219.61	61.6	11.46	2.15	83.55	9.31	6.8
1994	11	112.32	36	7.21	0.64	85.3	6.57	3.93
1994	12	79.47	61.4	3.53	-1.43	86.06	4.96	1.05
1995	1	110.65	43.3	1.23	-4.46	83.9	5.69	-1.61
1995	2	159.89	46.7	6.63	-0.34	80.89	6.96	3.14
1995	3	320.56	40.8	6.84	-0.8	79.03	7.64	3.02
1995	4	439.24	65	12.35	3.37	75.97	8.99	7.86
1995	5	556.6	85.1	17.95	6.01	73.52	11.94	11.98
1995	6	529.99	63.1	21.6	10.63	78.1	10.97	16.12
1995	7	652.28	78.2	26.8	13.14	71.39	13.66	19.97
1995	8	501.34	94.9	23.56	11.56	74.19	12	17.56
1995	9	281.2	67.4	16.71	8.99	84.7	7.72	12.85
1995	10	226.54	15.4	15.72	5.8	83.61	9.92	10.76
1995	11	104.65	37.4	3.63	-2.37	87	6	0.63
1995	12	93.19	39.1	-1.42	-7.05	87.42	5.63	-4.24
1996	1	100.3	24.5	-2.6	-7.91	85.77	5.31	-5.26
1996	2	202.2	30.3	-1.39	-8.7	82.62	7.31	-5.05
1996	3	368.76	26.1	1.96	-5.19	82.42	7.15	-1.61
1996	4	484.17	55.7	13.13	1.68	73.83	11.45	7.41
1996	5	499.99	150.1	19.22	9.05	80.03	10.16	14.13
1996	6	588.54	91.3	22.25	10.78	75.6	11.47	16.51
1996	7	540.06	90.9	21.53	10.85	78.94	10.67	16.19
1996	8	460.02	102.5	22.68	12.01	81.03	10.67	17.34
1996	9	206.43	125.5	13.36	7.07	88.77	6.28	10.22
1996	10	193.91	47.1	13.31	5.2	85.55	8.11	9.25
1996	11	113.86	61.2	8.91	2.7	85.73	6.21	5.81
1996	12	92.3	8.6	-2.34	-8.28	86.65	5.94	-5.31
1997	1	118.27	12.7	-1.99	-8.47	87.48	6.48	-5.23
1997	2	185.8	42.6	4.96	-1.53	80.61	6.49	1.71
1997	3	338.38	27.1	8.14	-1.5	77.19	9.64	3.32
1997	4	458.36	43	9.79	0.17	74.87	9.62	4.98
1997	5	549.23	94	18.73	8.6	76.35	10.13	13.67
1997	6	581.47	99.8	21.9	10.73	75.1	11.17	16.32
1997	7	442.57	242.4	21.4	12.69	82.26	8.71	17.05
1997	8	517.54	48.4	24.02	11.58	77.84	12.44	17.8
1997	9	334.36	70.2	18.62	7.75	81.23	10.87	13.18
1997	10	209.74	65.3	10.3	2.95	83.61	7.35	6.62
1997	11	106.98	71.3	6.45	0.43	87.77	6.02	3.44
1997	12	63.37	48.2	3.12	-1.66	88.55	4.78	0.73
1998	1	110.14	48.9	3.89	-2.08	85.55	5.97	0.91
1998	2	160.2	46	7.44	-0.44	81.93	7.87	3.5
1998	3	333.99	43.4	6.34	-2.15	78.06	8.49	2.09
1998	4	417.55	42.8	15.43	5.37	76.67	10.07	10.4
1998	5	601.81	38.3	19.75	7.9	73.71	11.85	13.83
1998	6	537.55	79.5	22.85	12.54	78.23	10.31	17.7
1998	7	505.85	92.1	23.07	12.88	78.94	10.19	17.98
1998	8	523.9	75	22.69	11.86	77.29	10.83	17.27
1998	9	282.19	57.5	18.37	8.36	84.27	10	13.37
1998	10	181.72	97.5	11.5	5.09	85.23	6.41	8.29
1998	11	116.8	46	2.38	-2.99	86.83	5.37	-0.3
1998	12	87.49	35.4	0.33	-4.66	85.26	4.99	-2.17
1999	1	110.61	25.8	3.54	-2.48	86.1	6.03	0.53
1999	2	170.67	67.8	1.13	-3.9	85.79	5.03	-1.39
1999	3	331.5	39.4	9.23	0.62	79.77	8.62	4.92
1999	4	426.13	54.9	14.69	4.48	76.9	10.21	9.59
1999	5	635.05	43.4	19.29	6.64	70.81	12.65	12.96
1999	6	449.02	153.1	21.4	11.49	82.33	9.91	16.44
1999	7	581.91	76.3	25.23	13.69	74.29	11.54	19.46
1999	8	486.21	40.9	23.34	11.09	75.23	12.25	17.22
1999	9	398.23	41.4	22.54	10.31	77.3	12.23	16.42
1999	10	174.06	81.3	12.47	4.96	85.26	7.51	8.72
1999	11	107.78	63	4.86	-0.57	88.83	5.43	2.15
1999	12	84.81	35	2.57	-2.61	84.29	5.18	-0.02
2000	1	99.13	54.1	0.52	-4.94	86.45	5.46	-2.21
2000	2	158.31	45.4	5.53	-0.36	83.03	5.89	2.59
2000	3	292.94	110	7.52	0.51	83.35	7.02	4.01
2000	4	488.79	24.6	17.73	5.46	72.07	12.27	11.6
2000	5	620.41	92.3	21.85	8.28	67.68	13.56	15.07
2000	6	659.79	24.7	23.43	10.7	68.5	12.72	17.07
2000	7	457.93	216.4	20.84	12	81.26	8.85	16.42
2000	8	507.84	70.4	24.42	12.27	76.58	12.15	18.34
2000	9	327.37	32.5	17.43	6.93	81.2	10.5	12.18
2000	10	229.98	38	17.36	7.69	81.03	9.67	12.53
2000	11	109.86	72.8	11.3	3.25	86.83	8.05	7.28
2000	12	72.26	51.2	4.25	-0.78	88.03	5.04	1.74
2001	1	101.23	40.3	2.14	-3.38	87.97	5.52	-0.62
2001	2	181.84	28.5	4.09	-3.69	82.32	7.78	0.2
2001	3	250.76	53.1	7.06	-0.47	82.74	7.53	3.3
2001	4	370.04	91.7	12.15	3.02	79.8	9.13	7.59
2001	5	606.34	87.3	19.9	7.85	69.55	12.05	13.88
2001	6	499.09	99.8	18.92	9.46	79	9.46	14.19
2001	7	507.63	194.1	24.26	14.08	79.97	10.17	19.17
2001	8	503.08	69.5	24.68	13.64	78.87	11.04	19.16
2001	9	237.17	132.6	15.5	8.5	87.9	7.01	12
2001	10	207.69	25.5	16.07	7.42	85.77	8.65	11.75
2001	11	103.38	53.7	4.91	-0.76	86.2	5.67	2.07
2001	12	87.47	45.2	-1.12	-7.15	86.97	6.04	-4.13
2002	1	105.72	43.1	1.94	-4.07	84.77	6	-1.07
2002	2	170.94	55.2	7.93	0.14	80.64	7.79	4.03
2002	3	347.58	27.7	10.02	0.5	75.81	9.52	5.26
2002	4	448.99	20.6	14.01	3.18	73.87	10.83	8.59
2002	5	588.91	107.8	22.72	10.5	72.16	12.22	16.61
2002	6	552.61	143.9	22.65	11.79	76	10.86	17.22
2002	7	597.47	113.3	25.75	13.79	73.1	11.95	19.77
2002	8	519.72	67.6	25.47	13.82	77	11.65	19.65
2002	9	315.34	67.5	17.65	7.61	80.53	10.04	12.63
2002	10	196.98	79.4	11.35	4	84.94	7.35	7.68
2002	11	102.49	40	9.07	2.23	86.23	6.84	5.65
2002	12	88.84	29	-1.46	-7.77	86.19	6.31	-4.62
2003	1	92.39	53.9	0.25	-5.92	86.45	6.17	-2.84
2003	2	207.42	10.9	0.18	-8.76	81.68	8.94	-4.29
2003	3	351.41	31.6	7.69	-1.7	78.23	9.39	3
2003	4	483.37	44.4	12.65	1.88	69.67	10.77	7.27
2003	5	593.58	85.8	21.66	9.73	73.19	11.93	15.7
2003	6	671.77	30.2	24.68	12.27	66.67	12.41	18.47
2003	7	540.24	81.2	24.45	13.7	75.68	10.75	19.08
2003	8	561.18	50.2	26.43	12.56	67.35	13.86	19.49
2003	9	388.55	42.6	20.32	7.56	74.7	12.76	13.94
2003	10	193.87	61.9	9.21	1.76	84.32	7.45	5.48
2003	11	121.59	24.2	9.34	1.81	87.1	7.53	5.58
2003	12	86.22	61.2	3.41	-2.53	84.9	5.93	0.44
2004	1	116.2	52.6	-1.41	-7.06	85.65	5.65	-4.23
2004	2	174.61	76.8	2.9	-3.23	83.31	6.13	-0.17
2004	3	316.39	66.9	7.05	-0.81	79.84	7.85	3.12
2004	4	495.92	39.1	14.1	3.75	70.87	10.36	8.93
2004	5	579.7	62.1	17.24	6.79	72.39	10.45	12.01
2004	6	553.36	85	21.36	10.62	72.2	10.74	15.99
2004	7	564.83	49.7	23.2	12.35	74.77	10.85	17.78
2004	8	517.72	54.5	24.77	12.5	74.52	12.27	18.64
2004	9	378.84	25.4	19.5	7.44	76.2	12.06	13.47
2004	10	224.87	44.4	15.47	6.07	82.26	9.39	10.77
2004	11	98.88	72.3	6.65	1.36	87.77	5.29	4.01
2004	12	78.76	20.5	3.19	-1.75	87.26	4.94	0.72
2005	1	103.49	81.1	2.63	-2.55	83.58	5.18	0.04
2005	2	192.05	50	-0.1	-6.84	83.82	6.74	-3.47
2005	3	382.94	34.1	5.43	-3.88	76.9	9.31	0.77
2005	4	489.66	21	15.15	3.03	67.17	12.12	9.09
2005	5	604.71	78.2	19.62	7.31	71.77	12.3	13.46
2005	6	594.74	38.1	21.49	10.04	71.57	11.44	15.77
2005	7	541.02	99.6	24.88	13.18	73.19	11.7	19.03
2005	8	451.41	56	21.94	11.39	77.35	10.55	16.66
2005	9	408.84	45.7	21.19	8.35	76.9	12.84	14.77
2005	10	248.44	10.8	15.17	4.38	81.13	10.79	9.77
2005	11	123.26	42.5	5.96	-0.54	87	6.5	2.71
2005	12	71.55	135.2	1.09	-3.07	89.74	4.16	-0.99
2006	1	126.46	38.1	-2.65	-11.32	84.16	8.66	-6.99
2006	2	178.28	44.2	0.15	-5.89	86.39	6.04	-2.87
2006	3	313.37	56.1	3.42	-3.88	82.68	7.3	-0.23
2006	4	462.4	64.1	14.64	3.91	73.97	10.73	9.28
2006	5	577.57	52.7	18.83	7.48	70.06	11.35	13.15
2006	6	602.5	60.9	22.68	11.23	71.6	11.45	16.95
2006	7	707.97	28.9	29.06	13.86	60.74	15.2	21.46
2006	8	427.7	140.2	21.52	12.58	81.1	8.93	17.05
2006	9	404.48	35.6	22.04	9.63	77.2	12.41	15.84
2006	10	252.22	29.2	16.78	5.26	80.68	11.52	11.02
2006	11	105.54	81.8	9.61	2.69	87.57	6.92	6.15
2006	12	78.19	31.3	6.03	0.75	86.84	5.28	3.39
2007	1	88.66	114.3	6.07	0.6	84	5.47	3.34
2007	2	142.88	46.5	4.8	-1.1	85.82	5.89	1.85
2007	3	333.52	61.2	10.63	1.09	76.03	9.54	5.86
2007	4	530.91	7.8	16.22	2.75	61.8	13.47	9.48
2007	5	590.45	45.6	21.34	8.65	69.23	12.69	14.99
2007	6	591.11	62.6	24.34	12.53	71.27	11.8	18.44
2007	7	591.05	71.8	24.97	13.37	71.55	11.6	19.17
2007	8	515.7	56.1	24.49	12.44	74.39	12.05	18.47
2007	9	318.94	97.4	17.47	7.56	81.63	9.91	12.52
2007	10	192.3	27.7	11.82	3.82	85.39	8.01	7.82
2007	11	108.79	90.3	4.03	-1.24	89.2	5.27	1.4
2007	12	78.49	25.7	1.63	-2.71	88.03	4.35	-0.54
2008	1	92.49	47.2	4.67	-1.01	84.74	5.68	1.83
2008	2	163.01	20.9	6.34	-0.82	80.03	7.17	2.76
2008	3	336.53	56	8.21	-0.08	77.42	8.29	4.06
2008	4	441.69	51.3	14.07	3.09	76.37	10.98	8.58
2008	5	556.49	46.2	18.73	7.07	72.42	11.66	12.9
2008	6	637.38	52.4	23.95	10.74	65.07	13.22	17.35
2008	7	574.83	126.6	24.46	12.8	71.68	11.66	18.63
2008	8	491.81	121.2	23.83	12.53	74.84	11.3	18.18
2008	9	270.02	80.3	16.83	8.26	82.87	8.57	12.55
2008	10	210.04	32	14.69	5.35	84.61	9.35	10.02
2008	11	110.48	42.3	8.88	2.25	86.77	6.63	5.57
2008	12	82.38	45.9	4	-1.16	86.97	5.16	1.42
2009	1	109.19	33.8	-0.04	-6.14	87.61	6.1	-3.09
2009	2	165.1	69.2	1.68	-3.86	89.43	5.54	-1.09
2009	3	244.03	80	6.44	-0.21	85.03	6.65	3.11
2009	4	606.16	0.3	18.74	3.96	61.5	14.78	11.35
2009	5	581.51	56	19.6	6.84	69.16	12.76	13.22
2009	6	505.66	135.9	20.55	10.6	79.47	9.94	15.58
2009	7	658.43	136.9	25.45	13.21	74.26	12.24	19.33
2009	8	524.77	39	24.57	12.38	73.23	12.19	18.48
2009	9	368.56	45	20.97	9.49	79.4	11.48	15.23
2009	10	157.49	104	10.42	4.04	87.81	6.38	7.23
2009	11	123.31	63.1	9.73	2.58	86.37	7.15	6.16
2009	12	68.64	43.5	2.01	-3.4	88.39	5.41	-0.7
2010	1	110.53	51.6	-3.72	-9.15	87.77	5.42	-6.43
2010	2	179.96	34.8	1.89	-5.09	85.54	6.98	-1.6
2010	3	360.75	39.8	7.89	-1.1	76.48	8.99	3.39
2010	4	482.24	55.7	14.07	3.24	72.43	10.83	8.66
2010	5	392.11	252.7	16.16	8.72	85.1	7.44	12.44
2010	6	574.66	72.7	22.04	10.83	73.27	11.22	16.44
2010	7	554.12	87.6	25.99	14.25	71.71	11.73	20.12
2010	8	476.96	146.8	23.5	13.23	79.77	10.27	18.36
2010	9	302.44	115.6	16.67	7.43	85.2	9.24	12.05
2010	10	239.84	7.3	11.03	1.24	81.19	9.79	6.13
2010	11	108.54	77.9	9.27	3.14	86.97	6.13	6.21
2010	12	84.43	67.7	-1.69	-8.6	88.97	6.91	-5.15
2011	1	98.32	33.1	2.03	-3.25	89.77	5.28	-0.61
2011	2	177.81	16.1	0.76	-6.22	80.25	6.98	-2.73
2011	3	364.13	33.3	9.09	-1.14	73.71	10.23	3.98
2011	4	487.08	18.2	16.8	4.08	69.37	12.72	10.44
2011	5	622	83.2	19.93	6.98	69	12.95	13.46
2011	6	589.8	54.6	23.66	12.52	71.23	11.15	18.09
2011	7	459.15	125.2	22.13	12.99	80.61	9.13	17.56
2011	8	547.98	60.3	24.98	13.55	76.42	11.43	19.26
2011	9	380.54	17.5	21.69	9.3	77.97	12.39	15.5
2011	10	217.23	36.8	13.62	4.37	83.39	9.25	9
2011	11	139.17	0.3	7.84	-1.01	85.17	8.86	3.42
2011	12	81.39	49.7	4.76	-0.34	85.97	5.1	2.21
2012	1	109.13	86.2	1.7	-3.46	86.9	5.16	-0.88
2012	2	189.07	49.5	-2.53	-10.01	81	7.48	-6.27
2012	3	337.68	36.2	10.01	-0.1	75.55	10.1	4.95
2012	4	480.35	61.7	15.15	3.93	68.8	11.21	9.54
2012	5	614.66	31.4	21.24	7.72	65.32	13.52	14.48
2012	6	532.51	91.9	22.74	12.03	76.17	10.71	17.38
2012	7	602.88	104	25.97	13.9	74.1	12.07	19.93
2012	8	509.56	55.9	25.16	12.65	72.74	12.5	18.91
2012	9	331.09	39.9	20.16	9.14	78.03	11.02	14.65
2012	10	212.96	96.6	13.85	4.23	84.94	9.63	9.04
2012	11	91.33	40	9.44	2.48	89.07	6.96	5.96
2012	12	88.25	33.1	1.06	-5.24	88.48	6.3	-2.09
2013	1	97.41	69.7	-0.54	-4.86	89.35	4.32	-2.7
2013	2	143.21	27.5	1.49	-2.53	89.75	4.01	-0.52
2013	3	275.97	56.1	2.54	-4.34	79.52	6.87	-0.9
2013	4	475.1	28.8	13.59	3.25	74	10.34	8.42
2013	5	491.88	153.5	18.87	8.94	77.13	9.93	13.9
2013	6	512.17	153.2	21.84	12.58	79.07	9.25	17.21
2013	7	633.48	37.3	25.49	12.72	70.45	12.77	19.1
2013	8	542.5	32.3	25.26	12.1	70.19	13.16	18.68
2013	9	318.45	81.7	16.93	7.72	82.63	9.21	12.32
2013	10	244.53	20.9	15.82	5.6	81.1	10.22	10.71
2013	11	94.71	41.6	8.12	2.17	88.93	5.95	5.14
2013	12	91.36	24.9	5.25	-0.74	83.29	5.99	2.25
2014	1	99.95	40.9	2.43	-2.83	87	5.25	-0.2
2014	2	183.89	16.2	8.43	-0.73	80.43	9.15	3.85
2014	3	336.81	47.4	12.37	1.36	74.39	11.01	6.86
2014	4	475.61	40.5	15.98	4.56	75.7	11.43	10.27
2014	5	522.98	83.7	18.58	7.93	76.42	10.66	13.25
2014	6	580.85	105.2	21.45	9.68	72.1	11.78	15.57
2014	7	640.04	75.1	26.39	14.35	72.35	12.04	20.37
2014	8	484.85	116.8	22.58	12.77	77.94	9.81	17.67
2014	9	355.25	57.6	20.26	10.48	82.53	9.78	15.37
2014	10	218.58	45.6	15.43	6.33	86.13	9.1	10.88
2014	11	114.27	38	9.35	3.79	87.47	5.56	6.57
2014	12	77.49	36.5	3.7	-1.49	85.42	5.19	1.1
2015	1	89.43	62.7	3.62	-1.4	85.06	5.02	1.11
2015	2	176.31	29.1	4.19	-2.83	82.21	7.02	0.68
2015	3	338.96	40.1	9.81	0.16	74	9.65	4.98
2015	4	498.64	18.9	13.78	2.6	68.07	11.18	8.19
2015	5	515.16	61	18.05	7.72	70.81	10.33	12.89
2015	6	583.44	58.7	22.4	11.13	70.13	11.27	16.77
2015	7	651.6	45.8	26.98	13.55	66.55	13.44	20.26
2015	8	604.18	28	29.15	14.64	60.68	14.51	21.89
2015	9	342.13	38.3	20.18	9.96	76.73	10.22	15.07
2015	10	224.68	34.9	12.7	3.06	81.35	9.65	7.88
2015	11	123.28	81.7	9.46	2.14	83.8	7.32	5.8
2015	12	76.96	19	7.13	1.32	84.55	5.81	4.22
2016	1	102.49	44.7	0.98	-5.2	84.74	6.19	-2.11
2016	2	144.82	98.2	6.7	0.47	83.55	6.24	3.58
2016	3	286.17	30.6	8	0.65	80.26	7.34	4.33
2016	4	433.79	75.5	14.04	3.53	72.2	10.51	8.79
2016	5	623.69	48.2	20.03	8.19	71.32	11.83	14.11
2016	6	637.52	45	24.38	11.75	69.57	12.63	18.06
2016	7	566.23	158.1	24.54	13.36	73.9	11.18	18.95
2016	8	508.44	56.5	23.5	11.96	74.45	11.54	17.73
2016	9	374.86	21.6	22.54	9.68	75.57	12.86	16.11
2016	10	146.13	78.6	11.08	4.68	87.39	6.4	7.88
2016	11	104.67	48.7	7.21	0.55	86.77	6.67	3.88
2016	12	75.2	38.5	2.85	-2.5	86.35	5.35	0.17
2017	1	131.52	24.2	-0.92	-8.87	82.61	7.95	-4.9
2017	2	172.99	36	3.75	-2.93	82	6.68	0.41
2017	3	309.51	53.4	10.99	1.69	76.81	9.29	6.34
2017	4	401.5	110.6	11.94	2.98	74.97	8.96	7.46
2017	5	558.5	50.8	19.03	8.15	73.26	10.88	13.59
2017	6	641.87	41.5	24.27	11.89	68.1	12.38	18.08
2017	7	565.2	78.9	24.49	12.79	73.94	11.7	18.64
2017	8	520.28	51.8	25.98	13.72	73	12.26	19.85
2017	9	272.65	170.3	17.16	9.7	83.37	7.45	13.43
2017	10	181.83	93.4	13.83	6.24	85.13	7.59	10.03
2017	11	101.44	67.1	7.32	1.69	87.9	5.63	4.51
2017	12	75.6	26.6	4.36	-1.08	85.13	5.45	1.64
2018	1	91.03	29.2	4.1	-1.12	85.19	5.22	1.49
2018	2	171.52	15	-0.23	-6.06	82.61	5.84	-3.14
2018	3	303.8	25.6	5.42	-3.55	75.19	8.96	0.93
2018	4	534.17	9.8	20.73	6.54	64.9	14.19	13.63
2018	5	660.72	78	22.64	10	67.65	12.65	16.32
2018	6	570.02	55.1	23.9	12.74	70.27	11.16	18.32
2018	7	602.35	104.6	25.61	13.65	71.71	11.95	19.63
2018	8	535.97	21.5	26.92	14.34	69.16	12.57	20.63
2018	9	388.4	43.6	21.9	9.83	73.4	12.07	15.86
2018	10	242.97	47.5	16.35	5.49	78.29	10.86	10.92
2018	11	120.5	13.1	8.88	1.69	84.4	7.2	5.29
2018	12	61.8	83.5	3.28	-0.85	89.48	4.13	1.22
2019	1	106.29	75.2	0.61	-4.95	86.32	5.56	-2.17
2019	2	197.2	39.4	7.41	-1.33	77.82	8.74	3.04
2019	3	325.93	30.1	10.88	1.26	73.94	9.62	6.07
2019	4	478.6	47	15.93	3.68	63.53	12.26	9.81
2019	5	475.06	123.9	16.8	6.91	78.03	9.89	11.86
2019	6	704.71	15	28.08	14.38	65.73	13.7	21.23
2019	7	599.7	33.7	25.32	12.45	66.1	12.87	18.89
2019	8	527.44	84.2	26.62	13.84	72.03	12.77	20.23
2019	9	367.77	78.4	19.76	9.07	77	10.69	14.41
2019	10	251.46	31.4	16.64	5.72	82.23	10.92	11.18
2019	11	120.06	28.7	10.63	2.99	86.73	7.64	6.81
2019	12	83.88	57.4	5.78	-0.09	84.29	5.87	2.85
