yyyy	mm	SLR	PCP	MAX	MIN	HMD	DIF	TAS
1990	1	73.24	17.6	4.5	0.25	85.52	4.25	2.38
1990	2	161.53	34.5	9.36	1.48	79.18	7.88	5.42
1990	3	293.83	18.7	11.31	2.85	74.68	8.46	7.08
1990	4	427.55	40.7	13.49	3.11	72.1	10.38	8.3
1990	5	674.64	15.3	20.44	7.05	65.94	13.39	13.75
1990	6	539.18	90	21.96	11.31	75.43	10.65	16.64
1990	7	552.23	58.9	22.56	11.25	72.94	11.31	16.9
1990	8	518.11	54.1	24.52	11.94	72.97	12.58	18.23
1990	9	257.09	56.8	15.54	8.16	83.53	7.37	11.85
1990	10	222.98	43.1	14.63	5.16	81.35	9.47	9.9
1990	11	71.61	46.1	6.79	2.27	90.57	4.52	4.53
1990	12	61.73	37	1.9	-1.62	88.35	3.52	0.14
1991	1	82.17	19	3.58	-1.75	84.35	5.33	0.91
1991	2	161.39	12.4	-0.17	-7.46	82.79	7.29	-3.81
1991	3	288.21	21.3	9.42	1.64	82.39	7.78	5.53
1991	4	463.02	36.3	13.36	3.15	74	10.21	8.26
1991	5	466.69	43.9	14.49	5.46	77.42	9.03	9.97
1991	6	558.97	97.1	19.76	9.53	75.77	10.23	14.65
1991	7	623.15	44.2	24.89	13.05	73.16	11.83	18.97
1991	8	466.55	33.9	24.17	12.94	76.52	11.23	18.55
1991	9	350.94	28	20.86	9.11	76.43	11.75	14.99
1991	10	222.45	23.7	12.64	4	82.03	8.64	8.32
1991	11	81.97	36.8	5.89	1.35	88.4	4.54	3.62
1991	12	58.53	42.6	2.21	-2.8	88.19	5.01	-0.3
1992	1	76.22	17	2.56	-2.39	86.65	4.95	0.09
1992	2	136.2	34	5.03	-0.2	86.97	5.23	2.42
1992	3	274.45	81.2	7.9	0.3	80.1	7.6	4.1
1992	4	443.91	13.2	13.23	3.24	71.53	9.99	8.23
1992	5	564.77	39	19.69	7.46	68.16	12.23	13.58
1992	6	644.28	12.2	25.04	11.49	61.4	13.55	18.27
1992	7	632.99	34.9	26.71	13.54	64.71	13.17	20.13
1992	8	503.65	43.3	27.99	14.61	66.94	13.39	21.3
1992	9	333.45	15.2	19.23	8.76	76.73	10.47	14
1992	10	182.96	29	10.28	1.92	83.26	8.36	6.1
1992	11	91.67	40.6	6.85	1.48	87	5.37	4.16
1992	12	63.88	34.7	1.92	-2.89	90.06	4.81	-0.49
1993	1	89.51	54.1	3.97	-2.62	81.03	6.6	0.68
1993	2	137.11	28.3	1.68	-3.03	87.5	4.71	-0.67
1993	3	295.09	28.7	6.23	-1.15	80.35	7.38	2.54
1993	4	482.85	8.2	14.95	3.4	67.87	11.55	9.18
1993	5	612.56	49.9	22.48	9.75	66.45	12.74	16.11
1993	6	556.39	93.2	20.19	10.1	74.57	10.09	15.14
1993	7	532.56	115.2	21.93	11.05	77.61	10.88	16.49
1993	8	472.36	72.8	21.65	11.24	75.97	10.41	16.45
1993	9	279.23	76.2	16.46	8.63	84.7	7.82	12.55
1993	10	199.82	18.2	12.17	4.21	84.42	7.96	8.19
1993	11	95.04	34.3	1.8	-3.32	88.73	5.12	-0.76
1993	12	61.78	95.2	4.28	-0.48	86.87	4.76	1.9
1994	1	69.75	43.7	4.55	0.44	86.61	4.12	2.5
1994	2	169.21	16.8	0.88	-5.49	83.29	6.37	-2.31
1994	3	274.81	67.2	8.47	1.44	80.42	7.03	4.96
1994	4	441.84	34.7	14.16	3.63	73.97	10.53	8.9
1994	5	537.49	65.5	17.92	7.17	72.61	10.75	12.55
1994	6	620.19	36.4	21.73	9.98	71.1	11.75	15.85
1994	7	716.46	67.9	28.82	13.68	62.65	15.14	21.25
1994	8	487.86	71.6	24.23	13.55	74.42	10.68	18.89
1994	9	267.83	71.4	18.17	10.95	83.7	7.23	14.56
1994	10	213.57	22.2	11.81	2.91	83.03	8.9	7.36
1994	11	99.45	30.1	7.7	1.65	86.17	6.05	4.68
1994	12	57.96	54.8	4.49	-0.5	89.19	4.99	1.99
1995	1	84.59	36.6	1.8	-3.01	85.97	4.8	-0.6
1995	2	127.78	46.6	7.06	0.56	83.54	6.5	3.81
1995	3	307.31	39.3	7.45	-0.41	79.23	7.86	3.52
1995	4	399.75	18.3	13.07	3.78	73.93	9.28	8.43
1995	5	589.44	42.8	18.65	6.41	71.55	12.25	12.53
1995	6	560.52	98.6	21.46	11.33	79.63	10.13	16.4
1995	7	661.45	37	27.26	13.67	69.87	13.59	20.46
1995	8	529.42	55.7	25.31	12.07	70.03	13.24	18.69
1995	9	257.91	69.8	16.99	9.85	85.67	7.13	13.42
1995	10	200.89	12.5	15.82	6.56	86.1	9.26	11.19
1995	11	103.78	18.8	4.03	-1.61	88.67	5.64	1.21
1995	12	70.99	20	-1.8	-7.39	88.19	5.58	-4.6
1996	1	90.82	8.2	-3.17	-8.05	87.39	4.88	-5.61
1996	2	168.47	28.8	-1.52	-8.43	84.24	6.91	-4.97
1996	3	322.11	9.3	2.52	-3.67	81.65	6.19	-0.58
1996	4	508.6	13.2	14.51	1.96	71.63	12.56	8.23
1996	5	503.19	76.4	18.15	8.32	79.26	9.82	13.23
1996	6	571.01	50.2	22.23	10.74	74.4	11.49	16.49
1996	7	495.69	146.1	21.08	11.13	79.35	9.95	16.11
1996	8	488.04	54.2	24.12	12.73	77.61	11.39	18.43
1996	9	260.54	73.8	14.65	7.3	85.57	7.35	10.97
1996	10	184.22	28.3	13.72	6.1	86.9	7.62	9.91
1996	11	87.1	18.3	7.9	2.94	86.93	4.97	5.42
1996	12	73.32	8.6	-1.83	-6.76	88.32	4.93	-4.29
1997	1	90.75	2.2	-1.14	-6.5	89.48	5.36	-3.82
1997	2	150.09	51.5	5.98	-0.41	81.61	6.39	2.79
1997	3	321.18	21	8.44	-0.27	77.45	8.71	4.08
1997	4	462.15	33	10.63	0.98	71.57	9.66	5.8
1997	5	558.24	67.2	18.59	8	74.42	10.58	13.3
1997	6	614.41	54	22.33	10.45	72.83	11.88	16.39
1997	7	518.98	132.6	23.09	13.04	80.61	10.05	18.06
1997	8	535.59	26.4	26.11	13.13	73.9	12.98	19.62
1997	9	317.52	25.3	19.17	8.55	80.4	10.63	13.86
1997	10	186.88	53.6	10.85	3.92	85.03	6.93	7.39
1997	11	87.74	16.9	5.39	0.35	88.83	5.04	2.87
1997	12	52.63	31.4	3.47	-0.82	89.81	4.28	1.33
1998	1	86.71	40.4	4.42	-1.22	86.77	5.64	1.6
1998	2	116.74	25.1	7.78	0.95	83	6.83	4.36
1998	3	316.3	40.7	7.5	-1.14	78.71	8.64	3.18
1998	4	407.63	26.1	15.3	5.36	77.53	9.94	10.33
1998	5	600.73	19.3	20.71	8.45	70.71	12.26	14.58
1998	6	557.08	56	23.04	11.81	74.9	11.23	17.43
1998	7	532.67	74.7	23.05	12.35	76.19	10.7	17.7
1998	8	462.47	58.5	22.54	11.88	76.32	10.65	17.21
1998	9	277.88	80.3	18.54	9.58	84.63	8.96	14.06
1998	10	159.52	75	11.35	5.24	84.84	6.12	8.29
1998	11	82.58	48.7	1.75	-2.38	91.1	4.13	-0.32
1998	12	67.34	36	1.97	-3.28	88	5.25	-0.65
1999	1	84.45	38.6	4	-1.9	87.74	5.9	1.05
1999	2	134.62	33.9	2	-3.64	87.5	5.64	-0.82
1999	3	299.8	54	9.19	1.09	81.58	8.1	5.14
1999	4	412.75	60.3	14.52	4.74	78	9.78	9.63
1999	5	635.78	38.4	19.28	7.19	70.19	12.1	13.24
1999	6	467.61	58.8	21.33	11.63	79.03	9.7	16.48
1999	7	618.91	57.3	26.22	14.45	70.68	11.77	20.33
1999	8	487.48	29	24.13	12.18	71.9	11.95	18.16
1999	9	389.7	27	23.08	11.18	75.9	11.9	17.13
1999	10	183.33	39	12.88	5.36	85.29	7.52	9.12
1999	11	99.1	26.4	5.59	0.19	89.6	5.4	2.89
1999	12	65.48	38.5	3.74	-0.73	85.81	4.47	1.5
2000	1	77.09	27.2	2.09	-2.56	87.35	4.66	-0.24
2000	2	143.17	36.2	6.36	0.38	83.72	5.97	3.37
2000	3	249.98	79	7.96	0.99	82.19	6.97	4.47
2000	4	499.89	15.9	18.39	6.13	71	12.26	12.26
2000	5	655.22	43.7	22.34	8.65	64.29	13.69	15.49
2000	6	630.03	34	23.9	11.18	66.73	12.72	17.54
2000	7	413.43	128.3	20.68	12.57	80.39	8.11	16.62
2000	8	507	76.9	24.31	12.62	75.42	11.69	18.46
2000	9	292.36	43.6	17.6	8.37	81.43	9.23	12.99
2000	10	184.59	13	16.15	8.38	83.35	7.76	12.27
2000	11	91.41	52.3	9.59	3.16	87.63	6.43	6.37
2000	12	62.18	51.2	4.29	-0.12	90.19	4.41	2.08
2001	1	84.15	19.9	2.33	-2.26	89.74	4.59	0.03
2001	2	163.85	22.1	4.19	-2.8	84.25	6.99	0.69
2001	3	272.34	45.4	6.23	-0.86	83.23	7.09	2.68
2001	4	403.18	37.7	12.6	3.53	78.5	9.07	8.06
2001	5	603.9	12.6	20.63	8.12	68.13	12.51	14.37
2001	6	513.97	69.3	19.88	9.86	77.5	10.03	14.87
2001	7	543.54	92	25.46	14.48	76.13	10.98	19.97
2001	8	470.91	40.9	25.45	14.22	77.71	11.23	19.84
2001	9	239.32	96.7	15.72	9.27	87.57	6.45	12.5
2001	10	179.03	19.4	16.04	8.45	86.13	7.59	12.24
2001	11	91.33	20.1	5.87	0.51	86.77	5.36	3.19
2001	12	60.67	42	0.55	-4.4	88.13	4.95	-1.93
2002	1	76	34.8	3.28	-2.37	86.19	5.66	0.45
2002	2	147.6	66	7.91	0.72	81.96	7.19	4.32
2002	3	318.87	49.9	9.44	0.88	77.74	8.55	5.16
2002	4	417.45	52.7	13.72	3.9	74.27	9.81	8.81
2002	5	572.78	51	22.76	10.82	73.03	11.94	16.79
2002	6	577.41	40.4	23.08	12.15	72.63	10.93	17.61
2002	7	534.43	37.2	26.29	14.28	72.16	12.01	20.29
2002	8	516.58	71	27.24	15.19	74.77	12.04	21.21
2002	9	340.88	37.6	19.19	8.88	78.9	10.31	14.04
2002	10	168.97	95.5	11.16	4.1	85.1	7.07	7.63
2002	11	85.65	50.3	7.09	1.53	87.5	5.55	4.31
2002	12	68.83	9.8	-1.15	-6.64	86.39	5.49	-3.9
2003	1	72.62	46.6	0.74	-5.21	87.58	5.95	-2.23
2003	2	179.17	5.2	0.32	-7.65	83.21	7.97	-3.66
2003	3	350.02	15.5	7.83	-1.43	78.35	9.25	3.2
2003	4	502.19	16.3	13.71	2.18	67.63	11.52	7.95
2003	5	614.43	23	21.66	9.39	70.19	12.27	15.52
2003	6	660.27	22.8	25.23	12.01	63.8	13.22	18.62
2003	7	546.21	83.7	25.36	14.36	75.19	11	19.86
2003	8	541.97	19.3	26.34	13.01	67.52	13.33	19.67
2003	9	362.18	19.1	21.01	8.21	74.47	12.8	14.61
2003	10	185.4	32.1	9.56	1.95	84.13	7.61	5.76
2003	11	98.45	23.6	8.52	2.28	88.8	6.24	5.4
2003	12	63.85	37.8	4.33	-0.72	86.23	5.05	1.8
2004	1	96.41	46.4	-1.2	-7.03	86.39	5.84	-4.11
2004	2	140.93	33.9	4.23	-1.53	83.38	5.77	1.35
2004	3	276.98	25.9	8.21	0.93	79.16	7.27	4.57
2004	4	489.28	16.1	15.15	3.78	69.47	11.38	9.46
2004	5	557.67	67.9	17.68	7.17	71.71	10.5	12.43
2004	6	580.82	64.4	21.57	10.3	70.7	11.27	15.94
2004	7	587.98	43.1	23.76	12.22	74.1	11.54	17.99
2004	8	510.99	69.6	25.95	13.69	72.48	12.26	19.82
2004	9	354.13	20.9	19.7	8.83	75.47	10.87	14.27
2004	10	204.42	46	14.5	6.46	82.84	8.04	10.48
2004	11	85.11	51.2	6.9	1.35	87.67	5.55	4.13
2004	12	55.2	35.4	3.85	-0.61	88.84	4.46	1.62
2005	1	81.31	29.1	4.07	-0.67	84.29	4.74	1.7
2005	2	156.27	47.1	1.08	-4.54	84.25	5.62	-1.73
2005	3	332.46	25.4	5.45	-2.7	78.29	8.15	1.37
2005	4	516.82	24.2	15.02	2.9	67.53	12.12	8.96
2005	5	577.13	66.9	18.97	7.98	72.94	11	13.48
2005	6	625.68	17	22.05	10.31	69.9	11.75	16.18
2005	7	580.32	73.2	25.97	14	71.19	11.97	19.99
2005	8	514.79	54.5	23.01	11.65	75	11.36	17.33
2005	9	393.81	34.8	22.35	9.76	76.57	12.59	16.05
2005	10	240.17	5.7	15.77	5.25	80.61	10.52	10.51
2005	11	97.54	20.4	6.44	0.17	88	6.27	3.3
2005	12	53.5	90.7	2.39	-1.73	90.32	4.12	0.33
2006	1	104.06	14.5	-2.97	-10.06	86.06	7.1	-6.52
2006	2	141.63	36.7	1.03	-4.66	87.68	5.7	-1.82
2006	3	265.41	27.6	4.05	-3.2	82.16	7.25	0.42
2006	4	465.24	59.8	14.01	4.41	73.3	9.6	9.21
2006	5	616.35	47.1	19.28	7.8	67.71	11.48	13.54
2006	6	643.47	35.1	24.07	11.73	69.03	12.34	17.9
2006	7	701.91	26.1	30.45	15.55	58.81	14.9	23
2006	8	410.12	166.2	22.05	13.55	80.97	8.51	17.8
2006	9	395.04	22.2	22.8	10.95	76.83	11.86	16.87
2006	10	200.48	43.6	15.75	6.76	82.45	8.99	11.25
2006	11	92.47	36.9	9.57	3.49	87.43	6.07	6.53
2006	12	61.87	34.8	6.87	2.16	87.74	4.71	4.51
2007	1	72.48	81.6	7.14	1.71	83.39	5.43	4.42
2007	2	126.32	47.9	3.56	-1.73	86.25	5.29	0.91
2007	3	305.92	53.8	11.06	1.87	76.9	9.19	6.47
2007	4	534.24	10.6	16.8	3.22	62.67	13.58	10.01
2007	5	597.79	73.8	21.16	8.74	69.9	12.42	14.95
2007	6	592.64	71.2	24.59	13.09	72.13	11.5	18.84
2007	7	535.83	111.6	23.97	13.65	74.16	10.32	18.81
2007	8	479.3	38.3	23.99	13.48	75.26	10.51	18.74
2007	9	318.97	29.1	18.44	8.97	81.13	9.46	13.71
2007	10	189.61	19.2	12.4	4.43	85.29	7.97	8.41
2007	11	92.45	54	5.28	0.03	89.07	5.25	2.65
2007	12	54.97	33.6	3.01	-0.85	89.61	3.86	1.08
2008	1	77.01	77.9	4.5	-0.41	86.48	4.91	2.04
2008	2	134.13	28.4	7.14	1.12	81.07	6.02	4.13
2008	3	314.38	47.8	7.93	0.87	80.35	7.05	4.4
2008	4	416.79	52.7	13.56	3.59	76.27	9.97	8.58
2008	5	617.71	13.3	19.91	7.44	67.39	12.46	13.67
2008	6	653.17	11.6	24.64	10.49	60.4	14.15	17.56
2008	7	647.93	68.6	25.95	13.16	66.23	12.78	19.56
2008	8	439.42	86.2	24.24	13.41	74.52	10.84	18.82
2008	9	284.66	19	17.85	9.31	81.37	8.54	13.58
2008	10	188.94	67.9	13.79	5.61	85.71	8.18	9.7
2008	11	92.79	22.9	8.02	2.82	88.23	5.2	5.42
2008	12	61.43	22.7	3.49	-1.1	89.48	4.59	1.2
2009	1	80.74	24.7	-0.03	-6.08	88.74	6.06	-3.05
2009	2	133.33	31.9	1.89	-2.24	89.46	4.13	-0.17
2009	3	251.61	51.7	7.26	0.68	82.94	6.58	3.97
2009	4	582.37	5.5	18.43	4.06	62.9	14.37	11.24
2009	5	591.39	92.4	19.5	6.9	70.61	12.6	13.2
2009	6	521.99	99.5	20.59	10.97	78.03	9.62	15.78
2009	7	615.69	104	25	13.97	75.16	11.03	19.48
2009	8	536.52	37.8	25.43	13.12	71	12.3	19.27
2009	9	362.73	34.4	21.09	10.04	78.4	11.05	15.56
2009	10	155.98	53.4	10.39	4.5	87.58	5.89	7.44
2009	11	106.86	43.8	9.63	3.4	86.93	6.24	6.51
2009	12	54.69	37.7	1.66	-3.37	88.52	5.04	-0.86
2010	1	100.99	31.3	-4.44	-9.63	86.81	5.19	-7.03
2010	2	153.77	22	1.48	-4.63	86.07	6.1	-1.58
2010	3	302.98	43.3	8.1	-0.41	79.77	8.51	3.85
2010	4	495.13	31	14.61	3.38	70.83	11.23	9
2010	5	425.09	99.9	15.9	8.43	82.68	7.46	12.16
2010	6	615.93	44.5	23.11	10.69	71.37	12.43	16.9
2010	7	622.45	93.6	27.89	15.32	68.77	12.57	21.61
2010	8	446.75	153.8	23.81	14.32	80.42	9.49	19.07
2010	9	301.67	67.1	17.4	8.55	84.2	8.85	12.98
2010	10	236.49	6.4	11.33	2.23	82.13	9.1	6.78
2010	11	67.18	115.3	7.47	2.48	89.1	4.99	4.97
2010	12	69.88	64	-2.72	-9.58	90.35	6.86	-6.15
2011	1	70.5	27	2.42	-1.91	91.32	4.33	0.25
2011	2	155.65	28.8	0.05	-6.35	81.46	6.4	-3.15
2011	3	344.11	17.5	8.94	-1.4	77.29	10.34	3.77
2011	4	473.05	6.4	17.6	5.71	65.43	11.89	11.66
2011	5	631.89	22.1	20.87	7.37	65.13	13.51	14.12
2011	6	632.8	83.6	24.8	12.49	68.13	12.32	18.64
2011	7	481.84	108.5	23	13.24	79.39	9.76	18.12
2011	8	518.94	45.7	24.56	13.81	74.77	10.75	19.18
2011	9	376.21	19.4	21.5	9.9	77.83	11.6	15.7
2011	10	209.35	19.6	14.21	5.38	82.77	8.83	9.8
2011	11	118.37	1.1	7.86	0.01	87.47	7.85	3.93
2011	12	57.29	43.6	5.66	0.83	85.35	4.83	3.24
2012	1	79.32	69.5	2.93	-2.04	81.87	4.97	0.45
2012	2	150.55	39.5	-0.92	-7.9	82.76	6.98	-4.41
2012	3	321.75	10.6	10.77	1.31	76.1	9.46	6.04
2012	4	473.16	22.8	14.94	3.41	68.57	11.54	9.17
2012	5	631.39	49.2	21.86	8.76	65.55	13.11	15.31
2012	6	518.78	106.8	21.65	11.27	74.47	10.38	16.46
2012	7	598.28	107.1	25.13	14.15	75.03	10.98	19.64
2012	8	495.85	44	25.15	13.01	74.87	12.14	19.08
2012	9	333.68	28.4	20.1	9.36	78.83	10.74	14.73
2012	10	204.64	28.8	13.14	4.35	83.9	8.79	8.75
2012	11	86.2	44.3	7.82	2.6	89.2	5.22	5.21
2012	12	65.99	28.2	1.19	-4.48	88.74	5.67	-1.64
2013	1	71.7	50.1	-0.13	-5	87.65	4.87	-2.56
2013	2	125.84	38.3	1.6	-2.05	90.07	3.65	-0.22
2013	3	330.5	33.8	1.9	-6.35	79.58	8.26	-2.23
2013	4	431.95	18.4	13.09	3.3	73.77	9.79	8.19
2013	5	526.62	95	19.72	9.39	74.03	10.34	14.55
2013	6	549.67	94.7	22.6	12.09	75.07	10.51	17.34
2013	7	634.37	60.9	25.95	13.12	71.48	12.82	19.53
2013	8	540.41	39.9	25.23	12.91	71.55	12.32	19.07
2013	9	304.16	80.7	17.31	8.05	81.93	9.26	12.68
2013	10	211.24	19.6	15.38	5.96	81.84	9.43	10.67
2013	11	73.23	44.3	7.9	2.49	89	5.41	5.2
2013	12	66.32	21.9	5.51	-0.02	86.65	5.53	2.75
2014	1	83.72	44.5	1.27	-3.55	85.29	4.83	-1.14
2014	2	176.69	4.7	8.07	-0.13	81.43	8.2	3.97
2014	3	317.76	47	12.26	1.83	76.61	10.44	7.05
2014	4	465.37	54.6	16.33	5.39	74	10.94	10.86
2014	5	551.42	90.7	19.05	8.06	74.48	10.99	13.56
2014	6	594.33	24.3	21.86	10.42	71.07	11.44	16.14
2014	7	643.54	62.4	28.17	15.07	68.55	13.09	21.62
2014	8	503.42	95.3	23.6	12.3	75.23	11.3	17.95
2014	9	350.21	42.5	20.69	10.47	79.23	10.22	15.58
2014	10	200.26	28.8	15.31	6.58	84.81	8.72	10.95
2014	11	83.49	15.2	8.38	3.29	88.53	5.08	5.84
2014	12	58.69	36.2	4.32	-0.7	84.94	5.02	1.81
2015	1	70.57	34.3	4.29	-0.16	86.1	4.45	2.06
2015	2	160.93	8.8	4.7	-1.86	83.61	6.56	1.42
2015	3	308.68	46.8	10.29	0.98	75.1	9.31	5.64
2015	4	508.88	26.2	14.61	2.61	68.37	12	8.61
2015	5	578.5	22.2	19.28	6.98	69.29	12.3	13.13
2015	6	597.74	84.7	22.07	10.58	70	11.49	16.33
2015	7	608.99	90.5	25.89	13.67	66	12.22	19.78
2015	8	594.32	20.3	29.53	15.12	59.32	14.41	22.32
2015	9	356.14	26.8	20.98	9.7	76	11.28	15.34
2015	10	204.43	26.3	12.33	4.07	80.84	8.26	8.2
2015	11	92.24	56.1	9.3	3.04	86.3	6.26	6.17
2015	12	62.3	24.4	8.2	3.05	85.29	5.15	5.62
2016	1	79.65	34.8	0.86	-4.49	85.55	5.35	-1.82
2016	2	152.51	43.2	7.06	0.89	82.97	6.17	3.97
2016	3	266.82	44.5	7.95	0.95	82.84	7	4.45
2016	4	463.78	31.6	14.41	4.08	70.4	10.32	9.25
2016	5	626.81	39.5	21.85	9.49	67.55	12.36	15.67
2016	6	624.96	84.1	24.76	12.88	68.23	11.88	18.82
2016	7	563.75	154.3	25.08	13.95	72.68	11.13	19.51
2016	8	480.97	31.2	24.11	12.54	75.06	11.57	18.32
2016	9	386.83	13.1	23.6	10.26	73.7	13.34	16.93
2016	10	146.31	99.4	11.19	5.65	88.26	5.54	8.42
2016	11	94.45	35.7	6.31	0.57	88.07	5.74	3.44
2016	12	60.68	41.9	4.53	-0.56	88.58	5.09	1.98
2017	1	94.06	18.4	0.64	-5.24	86.52	5.88	-2.3
2017	2	136.19	29.8	3.56	-2.16	81.64	5.73	0.7
2017	3	302.38	38.1	11.29	2.56	76.58	8.73	6.93
2017	4	412.83	39.6	12.51	3.7	74.8	8.82	8.1
2017	5	558.36	37.6	19.76	8.38	70.52	11.38	14.07
2017	6	580.55	74.1	23.44	12.38	69.73	11.07	17.91
2017	7	539.57	131.5	23.59	13.41	74.45	10.18	18.5
2017	8	507.29	90.9	24.89	13.89	74.19	11.01	19.39
2017	9	284.49	66.6	17.93	9.76	82.6	8.17	13.85
2017	10	178.18	90.8	14.55	7.55	85.81	7	11.05
2017	11	74.21	42.8	7.74	3.12	89.03	4.62	5.43
2017	12	56.3	45.7	4.96	0.48	87.13	4.48	2.72
2018	1	76.68	47.4	4.31	-0.37	85.55	4.68	1.97
2018	2	172.73	5.9	0.63	-5.48	80.68	6.11	-2.42
2018	3	290.86	31.7	5.23	-3.03	75.77	8.25	1.1
2018	4	515.39	33.7	19.76	6.86	68.57	12.9	13.31
2018	5	687.73	22.9	23.77	10.35	62.55	13.43	17.06
2018	6	622.81	47.5	25.12	12.84	65.67	12.27	18.98
2018	7	616.06	86	26.44	14.47	69.77	11.97	20.46
2018	8	566.66	11.9	27.94	14.97	65.35	12.97	21.46
2018	9	378.84	47.6	22.43	10.78	72.07	11.66	16.6
2018	10	230.09	33.5	16.17	5.8	78.23	10.37	10.99
2018	11	97.02	14.7	8.17	2.43	86.03	5.74	5.3
2018	12	45.58	54.6	4.62	0.69	89.1	3.93	2.65
2019	1	74.14	52.5	2.19	-2.43	86.84	4.62	-0.12
2019	2	163.53	15.9	7.73	-0.19	79	7.91	3.77
2019	3	305.85	40.6	11.08	2.48	76.77	8.61	6.78
2019	4	528.64	7.9	17.09	3.61	61.9	13.49	10.35
2019	5	512.75	86.4	17.63	7.11	74.06	10.52	12.37
2019	6	708.25	14.1	29.48	14.73	63.7	14.75	22.1
2019	7	581.27	33	25.27	13.25	66.19	12.02	19.26
2019	8	538.05	53.3	27.15	14.31	70.16	12.84	20.73
2019	9	329.54	54.7	19.58	9.81	77.77	9.77	14.69
2019	10	207.19	23.5	15.86	6.44	84.65	9.42	11.15
2019	11	98.68	49.9	9.24	3.37	89.47	5.86	6.31
2019	12	61.59	17.7	6	0.86	86.03	5.15	3.43
