yyyy	mm	SLR	PCP	MAX	MIN	HMD	DIF	TAS
1990	1	59.02	22.8	3.07	-1.11	85.87	4.18	0.98
1990	2	144.42	21.1	7.43	1.26	81.5	6.17	4.35
1990	3	285.36	33.6	9.77	1.26	74.68	8.51	5.51
1990	4	458.81	15.7	13.81	1.98	70.07	11.83	7.9
1990	5	631.46	45.9	18.54	5.91	70.65	12.63	12.23
1990	6	594.89	99.4	21.41	9.39	74.93	12.02	15.4
1990	7	466.68	88.9	20.66	11.42	80.32	9.25	16.04
1990	8	469.83	66.8	22.07	10.94	79.13	11.13	16.5
1990	9	224.75	125.2	13.89	7.12	86.13	6.77	10.51
1990	10	184.04	31.2	12.4	3.87	82.58	8.53	8.13
1990	11	65.19	62.9	5.63	1.71	91.13	3.92	3.67
1990	12	49.24	24.4	0.69	-3.09	88.74	3.78	-1.2
1991	1	81.74	17.5	1.43	-3.4	85.52	4.83	-0.99
1991	2	140.81	33.3	-2.29	-8.05	83.82	5.76	-5.17
1991	3	236.87	12.8	5.84	-0.32	83.65	6.15	2.76
1991	4	430.06	15.2	11.67	1.45	76.1	10.22	6.56
1991	5	557.34	60.8	15.63	4.62	74.94	11.01	10.13
1991	6	561.28	72.1	20.07	9.02	77.17	11.06	14.55
1991	7	586.3	38.6	23.41	12.26	77.23	11.15	17.83
1991	8	453.81	83.9	22.92	12.74	80.65	10.19	17.83
1991	9	330.7	44.2	18.69	8.23	81.7	10.46	13.46
1991	10	207.02	9.6	11.31	2.95	83.84	8.36	7.13
1991	11	67.53	44.1	5.38	0.92	89.77	4.46	3.15
1991	12	54.32	38.8	0.56	-4.65	88.39	5.21	-2.05
1992	1	76.59	16.5	0.99	-4.4	85.65	5.39	-1.71
1992	2	125.34	33.8	1.9	-2.86	87.03	4.76	-0.48
1992	3	278.73	37.2	6.95	-1.2	81	8.15	2.88
1992	4	386.31	56.2	9.87	1.78	77.9	8.1	5.83
1992	5	532.05	32.3	18.11	6.7	72.52	11.42	12.4
1992	6	622.09	47	23.05	9.97	68.7	13.08	16.51
1992	7	630.12	46	25.21	11.75	69.26	13.46	18.48
1992	8	527.89	28.4	26.27	12.38	70.16	13.89	19.32
1992	9	268.6	117.9	16.8	7.4	83.2	9.4	12.1
1992	10	160.17	67.4	7.87	1.61	85.68	6.26	4.74
1992	11	75.02	68.7	4.45	0.07	88.87	4.38	2.26
1992	12	47.02	49.3	1.01	-3.19	91.23	4.2	-1.09
1993	1	75.94	53	1.75	-3.72	83.48	5.47	-0.98
1993	2	130.59	22.8	0.58	-5.09	85.68	5.67	-2.26
1993	3	283.62	29.6	3.53	-4.06	81.42	7.59	-0.27
1993	4	408.31	16.2	12.94	2.8	73.23	10.14	7.87
1993	5	643.36	32.9	22.06	8.41	68.35	13.65	15.24
1993	6	572.88	69.7	19.62	8.58	75.3	11.04	14.1
1993	7	484.1	103.7	20.45	10.67	80.77	9.78	15.56
1993	8	466.9	59.4	20.59	9.82	79.16	10.78	15.2
1993	9	254.6	71.9	14.24	6.74	85.53	7.5	10.49
1993	10	188.65	36.6	10.84	3.21	84.81	7.63	7.02
1993	11	100.38	14.9	-1.16	-6.44	83.63	5.28	-3.8
1993	12	43.22	70	2.48	-1.67	90.29	4.15	0.41
1994	1	60.52	56.8	2.6	-1.04	89.65	3.64	0.78
1994	2	131.94	22.2	-2.26	-9.24	85.43	6.99	-5.75
1994	3	271.51	64.7	4.78	-1.84	81.84	6.62	1.47
1994	4	356.81	83.6	13.07	3.64	79.07	9.43	8.36
1994	5	556.96	78.9	16.98	5.39	74.45	11.59	11.19
1994	6	599.85	37.6	19.68	8.8	73.6	10.88	14.24
1994	7	686.21	5.7	27.24	11.87	65.29	15.37	19.56
1994	8	495.66	37.2	23.31	11.68	76.65	11.63	17.5
1994	9	284.75	62.8	18.68	9.4	84.27	9.28	14.04
1994	10	178.26	81	9.74	1.99	84.23	7.75	5.86
1994	11	92.15	40.7	5.06	-1.19	84.57	6.26	1.94
1994	12	51.67	58.4	1.42	-3.28	89.84	4.7	-0.93
1995	1	74.3	28.8	-0.7	-5.66	86.65	4.96	-3.18
1995	2	126.05	55	4.7	-0.74	84.96	5.44	1.98
1995	3	250.51	64.3	5.28	-0.78	82.16	6.07	2.25
1995	4	428.4	37.8	12.21	2.25	74.33	9.96	7.23
1995	5	532.44	59.2	16.94	6.13	73.19	10.81	11.53
1995	6	540.42	110	22.14	11.88	79.3	10.26	17.01
1995	7	628.27	28.7	24.56	12.01	73.9	12.55	18.29
1995	8	491.7	46.5	23.4	11.03	73.61	12.36	17.21
1995	9	263.48	125.5	16.69	8.52	85.7	8.17	12.61
1995	10	213.88	20.9	13.68	4.84	85.29	8.84	9.26
1995	11	84.04	28.4	1.91	-3.34	88.03	5.24	-0.72
1995	12	60.95	18.1	-3.62	-9.71	87.32	6.09	-6.66
1996	1	72.65	11.8	-4.91	-10.95	87.06	6.04	-7.93
1996	2	153.93	43.4	-4.06	-10.99	84.76	6.92	-7.52
1996	3	327.48	24.8	0.65	-7.64	80.58	8.29	-3.5
1996	4	500.53	74.6	12.29	1.07	71.77	11.23	6.68
1996	5	547.5	71.3	20.28	8.7	77.84	11.58	14.49
1996	6	584.78	50.8	21.04	9.91	74.6	11.13	15.48
1996	7	538.83	56.8	20.65	10.96	78.35	9.69	15.81
1996	8	484.92	52.9	23.72	12.22	76.19	11.5	17.97
1996	9	234.72	38.4	13.89	6.58	83.23	7.3	10.24
1996	10	181.69	40.8	12.55	4.26	87.29	8.29	8.4
1996	11	80.58	24.9	7.49	2.69	87.1	4.8	5.09
1996	12	56.69	16.3	-3.96	-9.38	88.71	5.41	-6.67
1997	1	78.4	9	-2.58	-8.51	88.68	5.93	-5.54
1997	2	128.99	32.9	3.44	-2.14	83.07	5.58	0.65
1997	3	302.39	27.1	6.08	-2.37	79.16	8.45	1.85
1997	4	453.47	39	9.4	-0.28	75.67	9.68	4.56
1997	5	559.93	58.6	17.93	6.32	73.52	11.61	12.13
1997	6	587.53	56.8	21.34	10.54	76.07	10.8	15.94
1997	7	526.7	104	22.58	12.79	80.77	9.79	17.68
1997	8	557.77	26	24.98	11.75	74.42	13.23	18.36
1997	9	323.38	50	17.1	7.43	79.77	9.68	12.27
1997	10	161.84	71	8.92	2.35	86.61	6.56	5.64
1997	11	65.96	59.7	4.08	-0.02	89.8	4.1	2.03
1997	12	41.82	43.8	-0.16	-4.23	90.29	4.07	-2.2
1998	1	77.05	25.5	2.43	-2.5	88.1	4.92	-0.04
1998	2	112.93	22.5	4.53	-1.48	84.04	6.01	1.52
1998	3	322.82	43.7	4.32	-3.87	79.58	8.2	0.22
1998	4	385.31	58.6	13.68	4.15	77.43	9.53	8.92
1998	5	593.08	59.1	19.19	7.25	73.13	11.94	13.22
1998	6	498.01	94.9	21.9	11.83	78	10.07	16.87
1998	7	523.29	74.5	21.45	11.64	78.42	9.82	16.54
1998	8	434.08	97.2	19.88	10.42	80.39	9.46	15.15
1998	9	303.3	43.2	17.62	7.22	82.97	10.4	12.42
1998	10	173.87	38.2	10.24	3.69	84.58	6.55	6.96
1998	11	87.53	40.1	-1.04	-6.3	88.27	5.26	-3.67
1998	12	55.75	37	-1.03	-6.3	88.1	5.26	-3.66
1999	1	74.17	17.4	0.85	-4.06	88.48	4.9	-1.61
1999	2	126.65	36.2	-0.25	-5.68	87.93	5.43	-2.96
1999	3	314.71	25	7.42	-0.94	80.48	8.36	3.24
1999	4	394.61	58.5	14.23	4.34	77.27	9.89	9.28
1999	5	563.92	76.7	16.28	4.3	70.23	11.99	10.29
1999	6	560.03	105.7	24.12	12.69	78.93	11.42	18.41
1999	7	644.85	27.7	25.75	13.27	70.77	12.48	19.51
1999	8	469.78	65.8	22.92	10.66	75.68	12.26	16.79
1999	9	358.35	33.3	20.14	8.76	78.17	11.37	14.45
1999	10	162.89	54.7	10.53	4.29	85.19	6.24	7.41
1999	11	83.17	40.3	2.67	-1.85	89.13	4.52	0.41
1999	12	56.53	37.4	1.69	-2.16	86.26	3.86	-0.24
2000	1	71.46	32.8	-0.02	-4.66	89.13	4.64	-2.34
2000	2	128.16	23.5	3.64	-1.3	84.9	4.94	1.17
2000	3	255.07	47.8	5.56	-1.24	82.39	6.8	2.16
2000	4	490.02	26.9	17.5	5	70.37	12.5	11.25
2000	5	691.41	6.5	20.82	6.08	62.87	14.74	13.45
2000	6	647.64	35.5	22.47	9.92	67.07	12.55	16.2
2000	7	480.48	95.4	21.06	11.25	80.16	9.82	16.15
2000	8	472.41	59.3	22.49	11.01	77.94	11.48	16.75
2000	9	325.45	21	15.94	4.97	80.5	10.96	10.46
2000	10	241.88	2.7	15.67	5.43	79.19	10.24	10.55
2000	11	73.99	69.1	7.95	3.09	88.3	4.86	5.52
2000	12	35.86	43.9	2.83	-1.15	90.48	3.98	0.84
2001	1	66.54	22.7	0.38	-2.93	88.45	3.32	-1.27
2001	2	144.23	18.9	0.99	-5.67	84.21	6.66	-2.34
2001	3	316.93	25.4	5.1	-3.15	80.42	8.25	0.98
2001	4	369.53	55.5	13.2	3.5	79.7	9.69	8.35
2001	5	637.33	57.8	18.81	6.65	67.35	12.16	12.73
2001	6	532.02	35	19.46	8.49	76.83	10.96	13.98
2001	7	546.84	101.1	26.29	15.72	79.35	10.57	21
2001	8	473.55	43.8	24.11	12.54	77.87	11.57	18.32
2001	9	217.55	126.9	15.64	8.33	86.93	7.3	11.99
2001	10	147.05	34.6	13.58	6.11	86.16	7.47	9.84
2001	11	90.29	30.7	4.25	-0.85	85.83	5.1	1.7
2001	12	56.54	29	-2.76	-9.87	87.94	7.11	-6.31
2002	1	55.09	48.5	0.91	-4.1	87.81	5.01	-1.59
2002	2	136.79	58.3	5.69	-0.53	82.57	6.22	2.58
2002	3	331.01	36.1	8.33	-0.44	76.19	8.77	3.94
2002	4	429.35	11.6	13.56	2.67	71.4	10.89	8.11
2002	5	620.75	25.2	22.18	9.12	68.87	13.06	15.65
2002	6	591.22	68.2	22.15	10.87	72.23	11.28	16.51
2002	7	623.93	85.1	26.4	14.52	69.84	11.89	20.46
2002	8	549.26	11.8	26.8	12.74	69.26	14.05	19.77
2002	9	341.4	18.1	18.34	6.65	77.67	11.7	12.5
2002	10	141.73	108.1	8.85	3.05	86.03	5.81	5.95
2002	11	85.63	22.2	5.25	0.06	87.37	5.19	2.66
2002	12	61.32	13.2	-5.16	-11.65	86.65	6.48	-8.4
2003	1	67.68	36.8	-1.5	-7.55	87.42	6.05	-4.52
2003	2	141.29	17.4	-2.61	-9.84	85.68	7.23	-6.22
2003	3	331.88	22.1	5.25	-3.76	77.74	9	0.74
2003	4	463.67	24.1	10.84	0.55	68.47	10.29	5.7
2003	5	585.29	49.1	20.06	8.33	70.32	11.73	14.2
2003	6	632.15	44.5	21.61	9.66	67.6	11.95	15.63
2003	7	606.09	60.4	25.65	14.18	76.48	11.47	19.92
2003	8	489.41	54.7	23.35	12	70.81	11.36	17.68
2003	9	345.82	41.5	18.9	6.6	77.37	12.31	12.75
2003	10	164.21	75.2	7.84	1.66	84.65	6.18	4.75
2003	11	79.57	42.7	6.06	1.97	88.9	4.09	4.01
2003	12	51.1	62.5	2.5	-1.83	86.48	4.32	0.34
2004	1	82.79	33.6	-4.22	-9.99	86.87	5.76	-7.1
2004	2	134.66	52.7	0.82	-4.71	84.28	5.53	-1.94
2004	3	276.59	31	5.71	-1.6	80.55	7.31	2.05
2004	4	483.78	34.6	12.9	1.46	68.1	11.44	7.18
2004	5	537.8	71.1	15.65	5.66	72.39	9.99	10.65
2004	6	554.83	82.1	19.58	8.93	70.93	10.66	14.26
2004	7	582.44	103.4	21.66	11.21	76.61	10.45	16.44
2004	8	504.11	125.8	23.95	12.61	75.23	11.34	18.28
2004	9	327.74	24.7	17.71	7.52	77.7	10.19	12.61
2004	10	180.42	36.8	12.62	5.35	83.19	7.27	8.99
2004	11	77.84	55.4	4.72	-0.29	88.03	5.01	2.22
2004	12	42.53	39.4	2.73	-0.86	88.45	3.59	0.93
2005	1	74.83	41.1	1.94	-2.16	84.61	4.1	-0.11
2005	2	147.49	27.2	-1.51	-8.45	84.32	6.94	-4.98
2005	3	314.86	40.6	1.61	-6.33	78.61	7.94	-2.36
2005	4	474.7	12.5	13.86	2.02	68.23	11.84	7.94
2005	5	584.93	81.5	18.29	6.52	72.48	11.76	12.4
2005	6	598.25	63.2	20.45	9.14	71.83	11.31	14.79
2005	7	644.26	51.5	25.23	12.24	70.06	12.99	18.73
2005	8	466.06	95.2	22.17	10.48	75.58	11.69	16.33
2005	9	366.17	53	20.42	8.09	76.53	12.33	14.25
2005	10	209.32	21	12.93	3.56	80.77	9.37	8.25
2005	11	83.12	35	4.89	0.09	87.57	4.8	2.49
2005	12	43.92	58	0.2	-3.81	90.19	4.01	-1.8
2006	1	77.28	6.4	-5.47	-10.83	85.9	5.36	-8.15
2006	2	138.12	35.4	-2.83	-9.48	87.61	6.64	-6.15
2006	3	302.49	10.5	1.42	-7.55	82.06	8.97	-3.07
2006	4	463.75	26.5	12.91	1.81	72.27	11.1	7.36
2006	5	580.06	70.2	18.55	6.79	65.94	11.76	12.67
2006	6	622.07	41.8	22.06	9.62	70.23	12.45	15.84
2006	7	690.44	16	27.78	13.67	61.87	14.11	20.72
2006	8	408.62	191.2	22.27	12.9	81.39	9.37	17.59
2006	9	355.92	62.2	20.44	9.39	79.3	11.05	14.92
2006	10	188.41	38.1	13.58	5.97	82.58	7.61	9.78
2006	11	76.62	43.9	6.97	1.81	88.7	5.16	4.39
2006	12	47.04	36.5	5.65	1.25	87.84	4.4	3.45
2007	1	61.25	102.2	4.24	-1.02	84.61	5.25	1.61
2007	2	138.71	32.5	-1.62	-7.52	84.93	5.9	-4.57
2007	3	290.34	27.1	10.25	1.17	76.65	9.07	5.71
2007	4	515.47	25.3	13.41	1.34	62.63	12.07	7.37
2007	5	577.78	71.3	19.97	8.13	71.06	11.84	14.05
2007	6	585.23	67.9	23.6	11.95	71.87	11.65	17.77
2007	7	556.37	119	22.69	12.82	75.65	9.87	17.75
2007	8	464.88	62.7	23.38	13.5	78.71	9.89	18.44
2007	9	325.37	46.3	17.91	7.89	81.33	10.02	12.9
2007	10	163.85	30.1	11.41	4.04	84.74	7.37	7.72
2007	11	85.26	48.3	2.63	-1.68	89.23	4.31	0.47
2007	12	43.32	15.2	1.44	-1.85	90.13	3.28	-0.2
2008	1	72.16	58.3	1.48	-2.84	87.55	4.32	-0.68
2008	2	129.75	25.6	4.49	-0.63	82.41	5.12	1.93
2008	3	285.56	57.1	6.13	-0.6	81.45	6.73	2.77
2008	4	384.77	30	13.56	3.54	74.37	10.02	8.55
2008	5	553.35	54.3	17.43	6.32	73.55	11.11	11.88
2008	6	673.84	49.3	22.62	9.17	63.73	13.45	15.9
2008	7	568.21	83.9	23.17	12.24	75.1	10.93	17.7
2008	8	459.8	102	23.24	12.71	75.84	10.53	17.97
2008	9	249.7	43.1	16.25	7.9	83.83	8.35	12.08
2008	10	154.46	28.3	12.59	5.17	85.29	7.42	8.88
2008	11	91.21	38.4	6.11	0.8	88.03	5.31	3.46
2008	12	50.88	35.5	2.03	-1.7	89.68	3.73	0.16
2009	1	72.2	34.9	-1.41	-6.77	88.55	5.35	-4.09
2009	2	128.44	36.2	-0.17	-4.88	89.29	4.71	-2.52
2009	3	249.66	53.8	4	-1.68	86.03	5.69	1.16
2009	4	563.13	4.9	16.06	2.07	61.17	13.99	9.06
2009	5	602.9	66.6	18.4	6.63	70.68	11.77	12.51
2009	6	485.62	151.3	20.03	10.87	81.03	9.16	15.45
2009	7	592.18	75.6	23.91	13.53	76.19	10.38	18.72
2009	8	501.6	73.1	22.66	10.91	74.29	11.75	16.78
2009	9	361.99	25.3	19.66	8.73	79.37	10.93	14.19
2009	10	141.77	73.1	8.77	2.77	88.45	6	5.77
2009	11	68.94	46.1	6.09	1.85	88.23	4.24	3.97
2009	12	47.42	47.3	-0.47	-5.27	89.84	4.8	-2.87
2010	1	81.63	29.6	-6.88	-13.81	87.19	6.93	-10.35
2010	2	127	28.9	-1.05	-6	87.82	4.95	-3.53
2010	3	326.33	24.3	6.19	-2.19	78.94	8.38	2
2010	4	446.3	33.4	13.48	2.78	70.63	10.7	8.13
2010	5	477.03	128.6	18.7	9.05	81.9	9.65	13.88
2010	6	582.02	79.9	22	11.69	74.1	10.31	16.84
2010	7	589.49	97.8	26.81	15.92	74.52	10.9	21.36
2010	8	475.03	91.5	24.87	14.67	79.52	10.2	19.77
2010	9	253.8	92.7	16.09	8.06	84.67	8.02	12.08
2010	10	222.67	26.9	9.61	0.25	81.42	9.35	4.93
2010	11	65.7	74.9	7.02	1.84	88.43	5.18	4.43
2010	12	54.94	52.1	-4.02	-9.85	89.81	5.84	-6.94
2011	1	70.22	27.9	-0.2	-4.62	91.19	4.42	-2.41
2011	2	151.81	37.9	-2.63	-9.72	81.29	7.09	-6.18
2011	3	326.69	14.7	5.36	-3.4	76.45	8.76	0.98
2011	4	463.78	35.5	14.66	3.92	68.67	10.74	9.29
2011	5	587.02	63.6	18.74	7.13	71.32	11.6	12.93
2011	6	630.99	54.2	23.36	12.05	70.9	11.31	17.71
2011	7	475.87	208.6	23.7	14.4	82	9.3	19.05
2011	8	502.82	76.3	22.91	12.37	76.65	10.54	17.64
2011	9	343.98	20.2	19.45	8.96	78.53	10.49	14.21
2011	10	198.83	20.8	11.56	2.76	83.1	8.81	7.16
2011	11	80.02	13.1	5.61	0	90.13	5.62	2.81
2011	12	48.06	32	3.54	-0.38	88.52	3.93	1.58
2012	1	72.67	48.5	-0.36	-4.9	89.06	4.54	-2.63
2012	2	145.77	32.5	-4.99	-11.69	83.31	6.7	-8.34
2012	3	293.65	17.6	7.26	-1.12	78.55	8.38	3.07
2012	4	452.87	44.4	13.57	2.56	71.27	11.02	8.07
2012	5	591.61	49.7	20.42	7.22	68.42	13.2	13.82
2012	6	538.23	73	20.23	10.31	76.5	9.92	15.27
2012	7	625.13	123.3	25.38	13.9	76.45	11.48	19.64
2012	8	463.97	76.7	22.47	12.01	79.1	10.47	17.24
2012	9	316.25	18.6	18.88	8.9	80.53	9.98	13.89
2012	10	161.68	62.7	10.67	3.43	86.77	7.24	7.05
2012	11	66.37	46.9	6.95	2.73	91.2	4.22	4.84
2012	12	58.05	33	-2.44	-7.36	89.9	4.92	-4.9
2013	1	76.48	38.7	-3	-8.01	88.97	5	-5.5
2013	2	125.12	36.4	0.6	-3.05	89.79	3.64	-1.23
2013	3	330.61	29.7	0.13	-7.55	75.13	7.68	-3.71
2013	4	454.32	50.8	10.93	1.52	75.97	9.41	6.23
2013	5	570.87	84.1	21.17	9.66	74.48	11.51	15.42
2013	6	607.8	65.7	23.54	12.14	76.87	11.4	17.84
2013	7	571.97	79.9	23.93	12.49	76	11.44	18.21
2013	8	507.76	70.5	23.9	11.54	74.58	12.36	17.72
2013	9	256.23	165.1	15.85	7.43	84.4	8.41	11.64
2013	10	190.05	16.1	12.94	4.71	84.68	8.23	8.82
2013	11	64.58	34.5	7.33	2.4	90	4.92	4.87
2013	12	54.82	34.1	3.69	-0.63	88.19	4.32	1.53
2014	1	73.34	47.9	-2.37	-7.15	86.29	4.78	-4.76
2014	2	139.06	30.4	3.36	-2.74	83.86	6.1	0.31
2014	3	296.83	24.9	9.96	1.05	77.13	8.91	5.5
2014	4	460.33	29	14.96	3.09	71.87	11.86	9.03
2014	5	536.74	42.5	19.05	7.94	73.68	11.11	13.49
2014	6	539.11	82.3	20.13	9.13	74.13	11.01	14.63
2014	7	658.89	54	26.35	13.71	71.16	12.64	20.03
2014	8	479	76	23.07	11.87	76.48	11.2	17.47
2014	9	356.41	21.3	19.12	7.33	80.47	11.79	13.22
2014	10	226.56	10	13.42	2.62	82.48	10.8	8.02
2014	11	73.69	30.1	5.11	0.19	89.13	4.92	2.65
2014	12	48.96	44.6	1.38	-3.53	89.61	4.91	-1.07
2015	1	62.15	54.6	2.03	-2.37	87	4.4	-0.17
2015	2	138.72	6.6	2.53	-2.87	84.18	5.4	-0.17
2015	3	289.21	33.5	9.32	0.18	73.97	9.14	4.75
2015	4	466.39	31.5	12.9	2.27	70.53	10.63	7.58
2015	5	525.51	76.9	17.37	5.71	71.71	11.66	11.54
2015	6	651.46	26.8	21.84	8.8	67.83	13.04	15.32
2015	7	633.5	59.8	24.3	11.42	68.77	12.87	17.86
2015	8	592.79	10.7	27.85	12.48	61.74	15.37	20.16
2015	9	319.52	25.8	19.74	9.44	77.8	10.3	14.59
2015	10	205.58	31	11.13	1.5	81.71	9.63	6.31
2015	11	72.53	84.2	6.63	2.01	88.57	4.61	4.32
2015	12	56.19	62.1	5.48	0	86.55	5.48	2.74
2016	1	72.33	25.8	-2.61	-8.61	86.77	6.01	-5.61
2016	2	127.25	59	4.48	-0.5	84.86	4.98	1.99
2016	3	257.54	39.8	6.16	-1.12	81.29	7.28	2.52
2016	4	417.83	30.9	13.07	2.98	70.4	10.1	8.03
2016	5	643.71	46.3	20.8	7.47	68.48	13.33	14.13
2016	6	634.79	45.8	23.58	10.7	67.67	12.88	17.14
2016	7	514.18	103.3	23.53	13.34	76.65	10.19	18.43
2016	8	468.35	67	22.71	11.95	76.1	10.75	17.33
2016	9	349.78	16.3	19.57	7.61	77.17	11.96	13.59
2016	10	133.95	115.4	9.05	2.64	86.68	6.41	5.85
2016	11	81.61	48.4	3.95	-1.22	88.93	5.17	1.36
2016	12	51.52	50.6	2.43	-2.66	90.1	5.08	-0.12
2017	1	75.76	14	-1.89	-7.45	88	5.55	-4.67
2017	2	116.69	42.7	0.54	-4.71	84.32	5.25	-2.09
2017	3	259.19	54.1	8.42	0.98	78.68	7.44	4.7
2017	4	424.94	69.2	11.22	1.62	74.73	9.6	6.42
2017	5	640.31	31.3	18.74	6.35	69.87	12.38	12.54
2017	6	548.68	74.7	21.72	10.58	70.47	11.14	16.15
2017	7	554.95	107.9	22.44	11.76	74.58	10.68	17.1
2017	8	488.17	58.9	23.73	12.25	74.52	11.48	17.99
2017	9	244.48	86.7	17	9.69	83.67	7.31	13.35
2017	10	137.99	92.8	10.86	5.17	86.9	5.69	8.02
2017	11	66.24	44.2	5.74	1.76	89.23	3.98	3.75
2017	12	42.5	58.4	3.34	-0.96	89.13	4.3	1.19
2018	1	68.77	27.4	0.85	-3.9	87.65	4.75	-1.53
2018	2	143.75	16.4	-2.04	-7.36	82.39	5.32	-4.7
2018	3	285.55	20	2.81	-5.2	76.13	8.02	-1.2
2018	4	501.45	48.3	17.9	5.57	68.8	12.33	11.74
2018	5	700.06	26.3	22.98	9.54	63.84	13.45	16.26
2018	6	635.66	14.3	24.43	11.09	64.6	13.34	17.76
2018	7	538.38	137.6	25.19	14.78	74.65	10.41	19.99
2018	8	526.15	66.4	25.65	13.34	72.26	12.31	19.49
2018	9	365.77	31.8	20.52	9.3	75.87	11.22	14.91
2018	10	232.75	38.2	14.44	3.45	80.52	10.98	8.95
2018	11	75.48	19.6	5.35	0.51	88.03	4.84	2.93
2018	12	37.67	76.3	1.57	-2.33	91.1	3.89	-0.38
2019	1	73.84	53.1	-1.36	-6.66	88.35	5.3	-4.01
2019	2	140.6	15.7	4.69	-0.83	81.61	5.51	1.93
2019	3	276.55	44.8	8.31	0.47	79	7.84	4.39
2019	4	538.5	2.3	15.29	2.28	59.03	13.01	8.79
2019	5	500.48	72.1	17.96	7.06	73.19	10.9	12.51
2019	6	719.42	37.6	26.98	13.69	65.37	13.29	20.33
2019	7	583.01	72.1	23.17	11.55	68.58	11.61	17.36
2019	8	509.8	68.3	24.71	11.85	73.52	12.86	18.28
2019	9	344.97	40.9	18.79	7.88	77.37	10.92	13.34
2019	10	203.33	24.1	14.53	5.5	85.1	9.03	10.02
2019	11	79.37	20.8	7.8	2.66	89.47	5.14	5.23
2019	12	50.41	37.3	4.81	0.04	89.61	4.77	2.42
