yyyy	mm	SLR	PCP	MAX	MIN	HMD	DIF	TAS
1990	1	64.14	12.9	4.29	0.13	86	4.15	2.21
1990	2	154.36	17.8	8.58	1.79	79.89	6.79	5.18
1990	3	281.38	29.9	10.5	2.46	74.65	8.04	6.48
1990	4	445.47	27.9	13.74	2.93	70.93	10.81	8.34
1990	5	649.73	39.3	19.64	6.44	66.97	13.2	13.04
1990	6	557.26	75.1	22.14	10.9	74.6	11.23	16.52
1990	7	538.79	80.4	21.97	11.25	74.42	10.72	16.61
1990	8	508.41	63	23.63	11.52	74.23	12.1	17.57
1990	9	262	55.7	15.11	7.75	83.33	7.37	11.43
1990	10	196.67	36.8	13.75	5.01	81.71	8.74	9.38
1990	11	73.16	48.5	6.4	2.31	89.27	4.09	4.35
1990	12	54.7	32.4	1.6	-1.93	86.84	3.53	-0.16
1991	1	79.11	14.5	3.06	-2.4	84.42	5.46	0.33
1991	2	152.79	14.8	-0.86	-6.94	81.89	6.08	-3.9
1991	3	264.9	21.3	7.89	0.75	81.39	7.14	4.32
1991	4	452.61	29.8	12.96	2.33	73.77	10.63	7.64
1991	5	479.03	48.1	13.76	4.7	76.48	9.06	9.23
1991	6	527.86	129.5	19.15	9.09	76.43	10.06	14.12
1991	7	608.12	36.3	23.79	12.57	74.65	11.23	18.18
1991	8	445.44	44.4	23.57	12.77	77.16	10.8	18.17
1991	9	332.14	28.7	19.8	8.66	77.77	11.14	14.23
1991	10	221.9	21.5	12.28	4.23	81.97	8.05	8.25
1991	11	76.88	38.4	5.5	1.44	88.4	4.06	3.47
1991	12	56.28	37.4	2.18	-3.02	87.74	5.2	-0.42
1992	1	77.37	11.4	1.74	-3.47	85.87	5.21	-0.86
1992	2	119.21	17.8	4.33	-0.68	86.17	5.02	1.83
1992	3	272.37	57.4	6.97	-0.24	80.13	7.2	3.37
1992	4	432.25	26.9	12.2	2.55	73.67	9.64	7.38
1992	5	589.17	51	18.78	7.37	69.68	11.41	13.08
1992	6	622.69	52.6	23.92	11.05	64.1	12.87	17.49
1992	7	637.86	39.4	25.84	12.88	64.97	12.95	19.36
1992	8	502.09	23.6	26.8	13.76	67	13.04	20.28
1992	9	291.1	35.7	17.86	8.44	79.6	9.42	13.15
1992	10	178.97	27.7	9.15	1.81	83.71	7.35	5.48
1992	11	78.87	43.6	5.99	1.37	87.2	4.62	3.68
1992	12	55.86	41.9	1.89	-2.6	89.97	4.49	-0.36
1993	1	85.74	41.4	3.16	-2.6	81.45	5.76	0.28
1993	2	128.69	22.3	1.36	-2.82	87.29	4.18	-0.73
1993	3	273.87	25.7	5.07	-1.8	81.1	6.87	1.64
1993	4	423.83	16.4	14.11	3.36	69.3	10.75	8.74
1993	5	628.7	25	22.73	9.69	65.9	13.05	16.21
1993	6	535.85	68.1	19.69	9.88	74.27	9.82	14.78
1993	7	531.09	74.1	21.38	11.08	77.77	10.3	16.23
1993	8	451.87	60.1	20.97	11.09	75.48	9.88	16.03
1993	9	270.9	118.3	15.26	8.3	85	6.96	11.78
1993	10	199.59	2.8	11.47	4.39	84.42	7.08	7.93
1993	11	86.44	32.5	0.15	-4.07	87.27	4.23	-1.96
1993	12	51.87	69.1	3.54	-0.48	87.39	4.02	1.53
1994	1	60.48	63.1	3.5	-0.08	87.52	3.58	1.71
1994	2	148.33	19.9	-0.57	-6.13	83.21	5.56	-3.35
1994	3	266.83	60.7	6.93	0.61	80.52	6.32	3.77
1994	4	425.1	29.7	13.71	3.97	74.03	9.74	8.84
1994	5	537.29	70.9	17.05	6.14	73.03	10.91	11.6
1994	6	594.77	36.9	20.62	9.39	71.43	11.24	15
1994	7	717.15	17.3	28.49	12.7	62.32	15.79	20.59
1994	8	501.8	52.5	24.26	12.84	73.32	11.42	18.55
1994	9	251.47	75.2	17.63	10.58	84.23	7.05	14.11
1994	10	202.76	52.1	11.01	3	83.32	8.01	7
1994	11	100.06	24	6.88	0.87	85.8	6.02	3.87
1994	12	49.96	54	3.64	-0.98	89.65	4.61	1.33
1995	1	76.72	35.7	0.86	-3.65	86.29	4.52	-1.4
1995	2	122.62	23.3	6.14	0.38	83.96	5.76	3.26
1995	3	288.49	32.7	6.7	-0.41	79.81	7.11	3.14
1995	4	394.4	19.5	12.6	3.18	74.23	9.41	7.89
1995	5	593.34	33.3	18.66	6.32	72.48	12.35	12.49
1995	6	560.44	65.1	21.52	11.02	78.33	10.5	16.27
1995	7	623.79	43.5	26.77	12.86	71.16	13.91	19.81
1995	8	511.07	105.1	25.1	11.47	70.97	13.63	18.29
1995	9	245.86	127.1	16.96	9.56	86.03	7.4	13.26
1995	10	192.39	14.9	15.03	6.38	86.48	8.65	10.71
1995	11	99.55	13.8	3.58	-1.76	88.63	5.34	0.91
1995	12	64.59	15.3	-2.28	-7.95	87.29	5.67	-5.12
1996	1	75.87	13.3	-3.44	-8.55	87.97	5.12	-6
1996	2	168.29	39.1	-2.36	-9.61	83.93	7.25	-5.98
1996	3	333.01	14	2.12	-4.75	81.16	6.87	-1.31
1996	4	516.31	17.9	14.24	1.65	71.2	12.59	7.94
1996	5	517.29	84.2	18.57	8.08	78.94	10.49	13.33
1996	6	565.44	52.6	22.09	10.59	74.5	11.5	16.34
1996	7	500.92	108	20.77	10.81	79.35	9.96	15.79
1996	8	471.48	65.1	24.07	12.54	76.71	11.53	18.3
1996	9	233.77	42.6	14.28	6.71	85.4	7.57	10.5
1996	10	175.6	32	13.09	5.77	87	7.31	9.43
1996	11	78.72	22.8	7.54	2.84	87.33	4.7	5.19
1996	12	63.64	6.6	-2.94	-7.55	88.58	4.61	-5.25
1997	1	84.37	2.6	-0.88	-6.43	89.39	5.55	-3.65
1997	2	137.08	43	4.97	-0.53	82.5	5.49	2.22
1997	3	303.09	29.4	7.48	-0.48	77.77	7.96	3.5
1997	4	452.32	25.7	9.37	0.85	73.93	8.52	5.11
1997	5	548.31	89.3	17.66	7.53	74.32	10.13	12.59
1997	6	594.21	55.2	21.8	10.69	73.7	11.11	16.24
1997	7	530.84	168.3	22.91	13.59	79.71	9.31	18.25
1997	8	540.55	32.9	26.24	13.18	73.87	13.06	19.71
1997	9	299.13	17.8	18.66	8.53	80.43	10.13	13.59
1997	10	166.09	37.7	10.44	3.75	85.71	6.69	7.09
1997	11	81.26	23.8	4.87	0.5	88.87	4.37	2.69
1997	12	43.52	43.3	2.45	-1.25	89.84	3.69	0.6
1998	1	81.31	22.9	3.47	-1.37	87.48	4.85	1.05
1998	2	105.26	21.9	6.61	0.36	83.64	6.25	3.49
1998	3	310.61	45.9	6.21	-1.99	79.19	8.2	2.11
1998	4	395.96	40.7	14.64	4.74	78.47	9.9	9.69
1998	5	599.73	46.7	20.11	8.11	71.81	12	14.11
1998	6	537.82	63	22.33	11.48	75.97	10.85	16.91
1998	7	510.2	67.6	22.35	11.95	76.77	10.4	17.15
1998	8	434.57	86	21.1	11.61	78.52	9.48	16.35
1998	9	282.86	66	18.19	9.17	84.07	9.01	13.68
1998	10	159.34	59.5	11.15	4.87	84.42	6.28	8.01
1998	11	81.79	33.4	0.93	-3.54	90.43	4.47	-1.31
1998	12	56.53	41.6	1.39	-4.61	88.19	6	-1.61
1999	1	81.46	23.5	3.25	-2.55	88.23	5.8	0.35
1999	2	134.57	30.7	1.83	-3.93	87.39	5.76	-1.05
1999	3	298.31	48.3	8.76	0.31	81.29	8.45	4.54
1999	4	388.48	101.9	14.1	4.34	79.37	9.76	9.22
1999	5	611.57	53.6	18.55	6.2	71.1	12.35	12.38
1999	6	488.81	90.3	21.83	11.63	79.07	10.2	16.73
1999	7	634.81	64.6	26.2	14.27	73.55	11.93	20.23
1999	8	481.48	34.4	23.76	11.88	73.87	11.88	17.82
1999	9	391.22	20.6	22.41	10.69	74.83	11.72	16.55
1999	10	174.22	35.1	12.21	5.15	84.55	7.07	8.68
1999	11	88.46	42.8	4.89	0.32	89.63	4.57	2.61
1999	12	60.53	54.9	3.03	-1.09	86.13	4.12	0.97
2000	1	71.41	28.7	1.39	-2.98	87.94	4.37	-0.8
2000	2	135.65	30.7	5.31	-0.27	84.41	5.59	2.52
2000	3	233.65	43.7	6.81	0.45	82.29	6.36	3.63
2000	4	500.85	14.4	17.8	5.59	71.23	12.21	11.69
2000	5	660.01	27.8	21.83	7.58	64.45	14.25	14.7
2000	6	611.25	32.2	23.58	10.41	67.23	13.17	16.99
2000	7	436.08	126.8	20.58	11.88	79.97	8.7	16.23
2000	8	494.36	59.3	23.54	11.85	75.97	11.7	17.69
2000	9	310.04	62.4	17.21	7.37	81.07	9.84	12.29
2000	10	195.77	15.9	16.06	7.97	82.48	8.09	12.02
2000	11	74.98	51.7	9	3.55	88.17	5.45	6.27
2000	12	55.77	54.1	3.87	-0.3	90.71	4.16	1.79
2001	1	71.2	18.6	1.63	-2.29	89.35	3.92	-0.33
2001	2	159.71	21.6	3.23	-3.69	84.07	6.91	-0.23
2001	3	288.29	63.6	5.7	-1.97	82.29	7.67	1.86
2001	4	384.56	59.2	11.88	3.26	80.4	8.62	7.57
2001	5	611.62	74.2	19.78	7.32	70.29	12.46	13.55
2001	6	501.56	92.4	19.74	9.5	78.43	10.24	14.62
2001	7	526.4	160	25.44	14.34	77.42	11.1	19.89
2001	8	472.65	38.8	25.22	13.69	78	11.53	19.45
2001	9	230.1	121	15.83	8.67	87.77	7.16	12.25
2001	10	167.52	21.6	15.59	7.56	86.32	8.03	11.57
2001	11	89.99	33.7	5.78	0.54	86.53	5.24	3.16
2001	12	56.75	50	0.02	-5.17	88.19	5.19	-2.57
2002	1	70.26	37.4	2.71	-2.66	87.29	5.37	0.03
2002	2	136.35	54.3	7.1	0.55	82.68	6.55	3.83
2002	3	317.16	38	8.9	0.75	78.55	8.15	4.82
2002	4	437.93	14.7	13.74	3.09	75.2	10.64	8.42
2002	5	562.17	93.2	23.13	10.36	72.29	12.77	16.75
2002	6	555.39	47.7	22.48	11.42	73.17	11.06	16.95
2002	7	562.92	77.5	25.6	13.84	72.68	11.76	19.72
2002	8	541.4	57.7	27.19	14.57	73.58	12.62	20.88
2002	9	341.9	48.4	19.13	8.63	79.13	10.5	13.88
2002	10	145.71	111.4	10.47	4.07	86.23	6.4	7.27
2002	11	86.16	36.1	6.36	0.94	87.93	5.42	3.65
2002	12	58.64	10.9	-2.39	-8.55	86.84	6.16	-5.47
2003	1	67.06	25.5	0.33	-5.39	86.23	5.72	-2.53
2003	2	167.84	7	-0.05	-7.91	84.11	7.86	-3.98
2003	3	341.16	16	7.03	-2.26	79.55	9.29	2.39
2003	4	474.54	22	12.68	1.44	70.7	11.24	7.06
2003	5	608.44	30.1	21.25	8.73	70.45	12.53	14.99
2003	6	653.98	32.7	24.01	11.09	65.7	12.92	17.55
2003	7	547.75	203.3	24.87	14.26	76.35	10.61	19.57
2003	8	493.05	25.6	24.75	12.59	71.19	12.16	18.67
2003	9	362.98	27.9	20.54	8.27	75.2	12.27	14.41
2003	10	189.28	33.4	9.45	1.66	83.84	7.79	5.55
2003	11	88.03	24.4	7.88	2.25	89.07	5.63	5.06
2003	12	53.59	29.4	3.75	-0.76	86.71	4.51	1.49
2004	1	89.59	42	-2.35	-8.27	86.39	5.91	-5.31
2004	2	134.7	37.3	3.2	-2.38	83.9	5.58	0.41
2004	3	258.53	34.8	7.29	0.23	79.84	7.06	3.76
2004	4	485.75	28.8	14.24	2.88	69.83	11.36	8.56
2004	5	558.84	60.1	17.06	6.56	72.84	10.5	11.81
2004	6	583.14	45.8	20.75	9.99	71.27	10.76	15.37
2004	7	569.63	60.1	22.58	11.68	75.39	10.91	17.13
2004	8	493.15	94.7	25.05	13.51	73.87	11.54	19.28
2004	9	321.13	39.8	19.11	8.79	76.27	10.32	13.95
2004	10	187.05	69	13.73	6.17	83.06	7.56	9.95
2004	11	84.14	33.1	6.2	0.93	87.6	5.27	3.56
2004	12	45.53	45.5	3.74	-0.35	88.87	4.09	1.7
2005	1	73.66	34.6	3.55	-0.86	84.81	4.41	1.35
2005	2	145.09	32.1	0.72	-4.88	84.32	5.6	-2.08
2005	3	317.42	28.5	4.37	-3.83	79.03	8.2	0.27
2005	4	493.5	38.5	14.37	2.02	68.8	12.34	8.2
2005	5	589.22	75.9	18.48	7.25	72.71	11.24	12.86
2005	6	619.61	41.6	21.17	9.72	70.57	11.45	15.44
2005	7	613.63	62.4	26.19	13.48	70.42	12.71	19.83
2005	8	485.67	31.5	22.95	11.21	75.06	11.74	17.08
2005	9	368.6	20.3	22.13	9.64	76.73	12.49	15.89
2005	10	226.09	9	15.04	4.36	80.74	10.67	9.7
2005	11	87.42	24.9	5.73	0.6	88.2	5.13	3.17
2005	12	45.45	87	1.82	-1.99	90.35	3.8	-0.09
2006	1	93.81	11.8	-4.28	-11.09	86.1	6.81	-7.68
2006	2	148.58	26.2	0.57	-5.07	87.82	5.64	-2.25
2006	3	324.4	15.3	3.26	-5.14	82.32	8.4	-0.94
2006	4	432.22	53.5	13.04	3.34	74	9.7	8.19
2006	5	618.56	55.1	18.88	7.47	68.03	11.4	13.18
2006	6	622.53	27.6	23.41	10.46	69.53	12.96	16.93
2006	7	686.89	30.5	29.51	14.96	60.84	14.55	22.24
2006	8	390.49	129.6	22.01	13.46	82.03	8.55	17.74
2006	9	391.72	41.4	22.38	10.78	77.5	11.6	16.58
2006	10	184.91	14	15.52	6.59	82.74	8.93	11.06
2006	11	85.31	38.8	9.13	3.31	87.97	5.83	6.22
2006	12	54.77	30.3	6.84	2.16	87.97	4.68	4.5
2007	1	71.42	74.8	6.31	1.05	84.13	5.26	3.68
2007	2	128.5	30.3	1.94	-3.04	86.32	4.98	-0.55
2007	3	295.22	44.2	10.92	1.48	77.68	9.44	6.2
2007	4	504.36	18	15.45	2.63	64.57	12.82	9.04
2007	5	616.12	56.8	20.8	8.15	70.84	12.65	14.47
2007	6	582.41	64.1	24.18	12.77	72.77	11.41	18.48
2007	7	519.59	129.8	23.13	13.37	74.97	9.75	18.25
2007	8	477.92	70.9	23.61	13.23	75.94	10.37	18.42
2007	9	306.81	56.2	17.94	8.83	81.47	9.11	13.38
2007	10	184.79	22.2	11.99	4.36	85.52	7.62	8.18
2007	11	87.6	23.9	4.42	-0.3	89.5	4.72	2.06
2007	12	47.54	30.4	2.95	-0.71	90.16	3.66	1.12
2008	1	76.68	51.4	3.65	-1.09	87.52	4.75	1.28
2008	2	125.71	27.5	6.58	0.77	82.34	5.81	3.67
2008	3	301.72	52.9	7.35	0.35	81.97	7	3.85
2008	4	412.4	42.9	13.31	3.22	76.67	10.09	8.26
2008	5	616.43	12.1	19.62	6.51	68.32	13.11	13.06
2008	6	662.02	27.3	24.3	9.59	61.47	14.71	16.95
2008	7	660.66	59	25.15	12.4	69.03	12.75	18.77
2008	8	420.23	120.1	23.44	13.09	75.87	10.35	18.26
2008	9	263.43	31.4	17.38	8.63	82.23	8.74	13.01
2008	10	176.55	75.2	13.4	5.44	85.77	7.96	9.42
2008	11	87.8	23.3	7.19	2	88.67	5.19	4.6
2008	12	55.95	16.8	2.96	-1.5	89.19	4.46	0.73
2009	1	75.34	17.9	-0.08	-5.66	88.55	5.58	-2.87
2009	2	129.2	21	1.71	-2.78	88.86	4.49	-0.53
2009	3	254.81	47.6	6.13	0.24	83.77	5.89	3.19
2009	4	597.52	0.5	17.88	2.75	62.33	15.13	10.31
2009	5	589.68	68.5	18.87	6.53	71.23	12.35	12.7
2009	6	493.35	76.7	20.07	10.67	78.6	9.39	15.37
2009	7	584.89	127.7	24.77	13.69	75	11.08	19.23
2009	8	524.98	23.5	24.75	12.51	71.68	12.24	18.63
2009	9	352.05	34.9	20.55	9.25	78.67	11.3	14.9
2009	10	154.45	53.2	9.87	3.73	87.74	6.14	6.8
2009	11	88.22	41.8	8.61	3.12	87.57	5.5	5.86
2009	12	49.28	42.1	1.24	-3.48	89.16	4.73	-1.12
2010	1	94.26	41.7	-5.07	-11.24	86	6.17	-8.16
2010	2	150.97	20.6	0.76	-5.53	86.64	6.29	-2.39
2010	3	293.31	38.9	7.65	-1.14	80.35	8.78	3.26
2010	4	464.88	21.7	13.98	2.79	72.13	11.19	8.39
2010	5	434.2	114.5	16.15	8.24	82.55	7.92	12.2
2010	6	596.33	29.3	22.56	10.57	73	11.99	16.57
2010	7	610.78	132.1	27.66	15.31	71.06	12.35	21.48
2010	8	462.95	114.8	23.89	14.28	81	9.6	19.09
2010	9	286.87	70.7	17.11	8.45	84.1	8.66	12.78
2010	10	233.21	4.2	10.99	1.63	82.03	9.36	6.31
2010	11	57.88	117.6	6.92	2.23	89.13	4.69	4.57
2010	12	65.83	59.7	-3.37	-9.62	89.29	6.25	-6.5
2011	1	70.55	32.6	1.79	-2.54	91.39	4.33	-0.38
2011	2	156.47	17.8	-0.75	-7.93	81.43	7.18	-4.34
2011	3	336.67	13.3	8.1	-2.02	76.13	10.12	3.04
2011	4	468.39	10.9	16.66	4.41	67.6	12.24	10.54
2011	5	610.82	46.2	20.01	7	67.87	13	13.5
2011	6	645.6	72.2	24.04	11.55	69.47	12.48	17.8
2011	7	432.96	175.9	22.52	13.74	80.9	8.79	18.13
2011	8	505.84	54.8	23.72	13.15	76.97	10.58	18.43
2011	9	352.43	25.2	20.76	9.53	78.53	11.24	15.14
2011	10	200.13	12.1	13.77	5.2	83.16	8.57	9.49
2011	11	104.65	6.6	6.77	0.33	90.07	6.44	3.55
2011	12	52.68	32.7	4.94	0.55	87.35	4.4	2.74
2012	1	79.73	64	1.96	-2.86	87.03	4.82	-0.45
2012	2	151.51	34.1	-1.76	-8.73	82.97	6.97	-5.24
2012	3	323.17	12.6	10.06	0.42	77.65	9.64	5.24
2012	4	463.85	30.1	14.42	3.34	69.57	11.08	8.88
2012	5	634.29	40	21.16	8.19	65.74	12.98	14.68
2012	6	529.8	114.6	20.71	10.53	75.17	10.18	15.62
2012	7	587.04	72.8	24.45	13.94	76.84	10.52	19.2
2012	8	482.78	46.1	24.24	13	75.68	11.24	18.62
2012	9	321.33	38.5	19.54	9.23	78.57	10.32	14.38
2012	10	188.02	32.5	12.6	4.43	85.19	8.17	8.52
2012	11	74.24	56.6	7.23	2.88	90.5	4.35	5.05
2012	12	55.21	24.3	0.04	-4.74	88.68	4.78	-2.35
2013	1	74.54	55	-1.12	-5.54	87.9	4.42	-3.33
2013	2	126.47	38.1	1.4	-2.24	89.61	3.64	-0.42
2013	3	364.33	29.5	1.66	-6.29	77.77	7.95	-2.32
2013	4	451.99	18.6	12.3	2.55	73.97	9.75	7.43
2013	5	540.89	65.6	20.19	9.45	71.94	10.74	14.82
2013	6	582.93	66	22.94	11.86	74.53	11.08	17.4
2013	7	587.54	80.7	24.85	12.85	74.06	11.99	18.85
2013	8	504.32	64.2	24.62	12.7	73.45	11.92	18.66
2013	9	288.31	64.3	16.77	7.38	83.37	9.39	12.07
2013	10	201.41	21.5	14.55	5.35	83	9.2	9.95
2013	11	69.22	38.7	7.48	2.56	90.37	4.92	5.02
2013	12	55.83	26.8	4.85	0.03	88.29	4.82	2.44
2014	1	79.33	42.7	-0.45	-4.98	86	4.53	-2.71
2014	2	160.45	16.2	6.6	-1.1	82.61	7.7	2.75
2014	3	301.09	59	11.12	1.58	78.32	9.53	6.35
2014	4	483.7	38	16.01	4.68	73.63	11.33	10.35
2014	5	566.89	66.6	18.53	7.83	74.42	10.7	13.18
2014	6	590.34	36.5	21.4	10.15	72.43	11.25	15.78
2014	7	655.98	40.5	27.93	15.1	68.68	12.83	21.52
2014	8	495.35	45.3	23.54	12.15	75	11.38	17.84
2014	9	374.78	44.4	20.68	9.47	79.77	11.21	15.07
2014	10	202.44	13.6	14.46	5.83	85.26	8.64	10.15
2014	11	74.91	24.6	7.28	2.37	89.93	4.91	4.83
2014	12	51.39	62.3	3.19	-1.68	88.48	4.87	0.75
2015	1	65.02	35.8	3.53	-0.74	86.55	4.27	1.4
2015	2	152.69	11.2	3.77	-2.21	84.18	5.99	0.78
2015	3	284.6	33.1	9.65	0.82	74.97	8.84	5.24
2015	4	469.16	24.3	13.73	2.56	69.87	11.17	8.15
2015	5	580.35	27.8	18.4	6.5	69.71	11.9	12.45
2015	6	611.41	42.7	21.82	9.94	68.4	11.88	15.88
2015	7	584.29	95.1	24.97	12.81	66.61	12.16	18.89
2015	8	600.37	10.4	28.86	14.33	59.39	14.54	21.6
2015	9	339.7	36.9	19.9	9.69	77.33	10.21	14.8
2015	10	187.89	29.6	11.66	3.58	81.29	8.07	7.62
2015	11	75.02	37.2	8.04	3.25	88.2	4.8	5.64
2015	12	57.87	35	7.07	2.08	86	4.99	4.58
2016	1	76	25.9	-0.46	-5.39	86.1	4.93	-2.93
2016	2	145.57	26.7	5.93	0.47	83.38	5.47	3.2
2016	3	252.74	15.1	7.32	0.58	81.23	6.74	3.95
2016	4	478.81	33.8	14.22	3.75	69.17	10.47	8.98
2016	5	633.98	49.8	21.73	9.11	66.1	12.62	15.42
2016	6	628.04	76.4	24.48	12.58	67	11.9	18.53
2016	7	545.05	133.9	24.58	13.88	73.32	10.71	19.23
2016	8	465.09	47.9	23.33	12.65	75.03	10.68	17.99
2016	9	374.68	13.7	22.19	9.9	74.77	12.29	16.05
2016	10	133.28	115.9	9.87	5.06	88.32	4.81	7.46
2016	11	91.14	47.2	5.58	0.6	88.5	4.97	3.09
2016	12	52.85	63	3.72	-0.47	89.58	4.19	1.62
2017	1	84.69	16.9	-0.22	-4.97	87.61	4.75	-2.6
2017	2	124.84	36.4	2.64	-2.84	82.46	5.48	-0.1
2017	3	275.78	34.9	10.06	2.2	76.77	7.86	6.13
2017	4	417.25	41.7	11.8	3.21	73.97	8.59	7.51
2017	5	572.16	75.9	18.87	8.2	69.48	10.67	13.54
2017	6	541.3	66.4	22.28	12.07	70.33	10.21	17.17
2017	7	522.71	120.6	22.65	13.06	74.94	9.59	17.86
2017	8	489.9	119.8	24.02	13.51	74.45	10.51	18.76
2017	9	263.21	107.6	17.55	10.31	82.77	7.25	13.93
2017	10	164.71	118.5	13.62	7.22	85.94	6.4	10.42
2017	11	69.92	33.6	7.15	2.74	89.3	4.41	4.95
2017	12	48.01	35.6	4.32	0.34	88.32	3.98	2.33
2018	1	70.09	66.2	3.05	-1.41	86.48	4.46	0.82
2018	2	167.82	5.2	-0.27	-5.89	80.64	5.62	-3.08
2018	3	280.18	33.2	4.22	-3.45	74.87	7.67	0.38
2018	4	496.44	23.6	18.77	6.36	68.6	12.42	12.56
2018	5	692.4	19.5	23.41	10.4	61.42	13.01	16.9
2018	6	636.76	57.4	24.63	12.25	64.8	12.38	18.44
2018	7	575.49	125.4	26.3	14.87	71.26	11.43	20.58
2018	8	547.97	25.5	26.72	14.88	67.61	11.84	20.8
2018	9	360.24	12	22.04	10.78	72.13	11.26	16.41
2018	10	227.27	31.7	15.75	5.55	77.84	10.2	10.65
2018	11	89	9.3	7.27	2.29	86.57	4.97	4.78
2018	12	44.09	60.1	3.8	0.1	89.45	3.7	1.95
2019	1	69.53	41.7	1.48	-3.11	86.74	4.58	-0.81
2019	2	145.92	34.2	6.49	-0.26	80.54	6.75	3.12
2019	3	287.43	31.7	10.24	2.14	77.87	8.11	6.19
2019	4	537.42	3.3	16.29	3.41	61.93	12.88	9.85
2019	5	494.76	81.5	17.32	7.51	73.42	9.82	12.41
2019	6	713.59	57.4	28.35	14.6	64.6	13.75	21.48
2019	7	581.82	46.5	24.27	12.91	67.26	11.36	18.59
2019	8	514.94	43	26.24	14.05	70.39	12.18	20.15
2019	9	295.45	71	18.91	9.98	78	8.93	14.45
2019	10	196.1	32.1	14.83	6.52	85.13	8.3	10.67
2019	11	79.07	50	8.55	3.28	88.83	5.27	5.92
2019	12	53.44	26	5.62	0.86	86.13	4.76	3.24
