yyyy	mm	SLR	PCP	MAX	MIN	HMD	DIF	TAS
1990	1	58.4	35	3.91	0.33	86.19	3.58	2.12
1990	2	134.37	36.1	7.87	1.73	82.71	6.14	4.8
1990	3	263.15	74.4	9.31	1.92	76.71	7.39	5.62
1990	4	429.21	48.7	12.16	2.15	74.77	10.01	7.16
1990	5	623.57	68.7	17.48	5.85	73.35	11.63	11.67
1990	6	567.51	34.3	20.42	10.63	77.2	9.79	15.53
1990	7	523.17	75.5	19.96	10.96	78.06	9	15.46
1990	8	500.02	87.7	21.88	11.21	77.74	10.67	16.55
1990	9	263.15	131.7	14.14	7.48	85.3	6.66	10.81
1990	10	176.63	48.6	12.75	4.92	82.71	7.82	8.83
1990	11	67.87	85.7	6.1	2.05	90.87	4.05	4.08
1990	12	52.96	29.3	1.56	-2.06	87.94	3.63	-0.25
1991	1	72.28	27.8	3.03	-2.15	83.35	5.18	0.44
1991	2	136.67	34.6	-1.04	-6.39	82.29	5.35	-3.71
1991	3	246.82	25.7	6.85	0.08	82.77	6.77	3.46
1991	4	435.67	37.4	11.26	1.62	76.27	9.65	6.44
1991	5	454.09	69.3	11.94	4.4	79.06	7.53	8.17
1991	6	483.63	140.3	17.23	8.45	78.43	8.78	12.84
1991	7	601.77	40.2	21.95	12.1	77.03	9.85	17.02
1991	8	447.08	81.8	21.63	12.48	81	9.14	17.05
1991	9	311.73	51.2	17.71	8.49	81.27	9.23	13.1
1991	10	202.42	22.3	11.55	4.55	83.26	7.01	8.05
1991	11	73.68	47.8	5.14	1.35	89.8	3.79	3.24
1991	12	49.78	51.6	2.81	-2.31	87.26	5.12	0.25
1992	1	74.13	22.9	2.07	-3.09	85.68	5.16	-0.51
1992	2	112.1	40.3	3.86	-0.66	87	4.51	1.6
1992	3	273	68.9	6.16	-0.52	82.03	6.68	2.82
1992	4	430.81	30.3	10.57	1.44	76.17	9.12	6.01
1992	5	598.42	38.5	17.15	6.28	71.19	10.86	11.72
1992	6	655.66	0.9	22.29	10.21	65.2	12.09	16.25
1992	7	614.3	30.4	24.2	12.35	68.74	11.85	18.27
1992	8	468.56	40.8	24.24	12.99	74.68	11.25	18.61
1992	9	284.35	71.6	16.44	8.4	82.13	8.04	12.42
1992	10	173.34	33.5	8.25	1.78	85.45	6.46	5.02
1992	11	72.9	101.6	5.12	1.02	89.1	4.1	3.07
1992	12	50.73	34.2	2.22	-1.95	89.87	4.17	0.14
1993	1	80.37	79	2.73	-2.57	80.55	5.3	0.08
1993	2	130.62	38.7	1.39	-2.61	86.14	4.01	-0.61
1993	3	264.56	37.9	4.36	-1.98	81.65	6.34	1.19
1993	4	430.23	16	12.57	2.8	72.77	9.77	7.69
1993	5	628.48	23	21.02	8.88	69.29	12.15	14.95
1993	6	541.21	77.8	17.94	8.89	75.43	9.05	13.41
1993	7	519.06	77.4	19.53	10.84	79.55	8.7	15.18
1993	8	443.47	60.2	19.28	10.75	78.97	8.54	15.01
1993	9	248.07	86.4	13.8	7.67	86.6	6.13	10.74
1993	10	191.63	17.9	11	4.25	85.23	6.74	7.63
1993	11	76.12	22.2	0.13	-3.61	85.13	3.74	-1.74
1993	12	46.41	72.3	2.86	-1.12	88.77	3.98	0.87
1994	1	53.77	96.6	2.75	-0.9	88	3.66	0.93
1994	2	142.38	24.6	-1.35	-6.69	82.93	5.34	-4.02
1994	3	256.33	89.7	5.37	-0.45	81.19	5.82	2.46
1994	4	406.22	21.6	12.34	3.19	75.63	9.15	7.76
1994	5	539.2	64.2	14.75	5.12	73.19	9.64	9.94
1994	6	574.65	38.4	18.4	8.53	73.47	9.87	13.47
1994	7	702.94	19.1	26.05	12.28	64.94	13.77	19.16
1994	8	487.32	56.5	22.24	12.03	76.26	10.21	17.13
1994	9	241.13	80.1	16.57	9.83	84.43	6.74	13.2
1994	10	194.72	63.6	10.21	2.97	83.1	7.25	6.59
1994	11	90.44	55.8	6.75	1.12	84.97	5.63	3.94
1994	12	40.8	112.4	3.59	-0.61	90	4.2	1.49
1995	1	69.77	71.4	0.41	-4.28	86.58	4.7	-1.94
1995	2	120.81	58.2	5.26	-0.35	83.82	5.61	2.46
1995	3	282.16	35.6	5.55	-1.02	80.06	6.57	2.26
1995	4	401.81	67.2	10.76	2.14	75.5	8.61	6.45
1995	5	583.81	62	16.05	5.42	73.19	10.62	10.73
1995	6	559.98	103.3	19.55	10.33	79.53	9.22	14.94
1995	7	602.04	51.7	23.96	12.6	72.42	11.36	18.28
1995	8	517.07	58.4	23.15	11.4	71.68	11.75	17.28
1995	9	237.98	83.9	15.94	9.35	86.2	6.59	12.64
1995	10	172.98	21.1	14.22	6.66	85.39	7.55	10.44
1995	11	92.16	36.5	3.73	-1.65	88.03	5.38	1.04
1995	12	61.35	17	-1.74	-7.6	87.32	5.86	-4.67
1996	1	71.49	10.3	-2.7	-7.31	87.48	4.61	-5.01
1996	2	160.63	32.3	-2.49	-9.09	84.1	6.6	-5.79
1996	3	336.59	14.8	1.64	-5.03	81.06	6.66	-1.69
1996	4	504.98	8.3	12.93	1.25	70.67	11.68	7.09
1996	5	476.29	120.1	16.02	6.51	80.58	9.5	11.26
1996	6	525.04	51	19.34	9.75	76.3	9.59	14.55
1996	7	498.59	97.9	18.79	9.95	79.1	8.84	14.37
1996	8	456.23	118	22.39	12.46	78.77	9.92	17.43
1996	9	248.4	61.2	13.46	6.26	86.1	7.2	9.86
1996	10	171.67	57.3	12.2	5.04	87.77	7.16	8.62
1996	11	66.32	58.4	6.36	2.13	87.47	4.24	4.24
1996	12	59.46	20	-2.4	-7.15	88.23	4.75	-4.78
1997	1	82.59	3.8	-0.7	-6.54	88.26	5.84	-3.62
1997	2	125.84	55.4	4.15	-0.99	83.18	5.14	1.58
1997	3	291.47	39.6	6.5	-0.88	77.45	7.38	2.81
1997	4	426.23	47.7	8.11	0.13	74.87	7.97	4.12
1997	5	532.37	94.1	14.99	5.79	74.71	9.2	10.39
1997	6	591.64	41.6	19.96	10.01	74.43	9.95	14.98
1997	7	529	78.8	21.52	12.83	79.58	8.69	17.18
1997	8	540.13	33.7	24.81	13.33	74.68	11.48	19.07
1997	9	273.76	85.6	17.08	9.24	81.13	7.84	13.16
1997	10	162.09	130.5	9.52	3.64	85.52	5.89	6.58
1997	11	75.03	22.9	4.19	0.05	89.03	4.14	2.12
1997	12	39.11	41.9	2.19	-1.51	88.77	3.7	0.34
1998	1	73.03	46.8	3.42	-1.02	87.26	4.44	1.2
1998	2	89.83	55.6	5.68	0.33	83.5	5.35	3
1998	3	300.41	58.7	4.91	-2.55	78.9	7.46	1.18
1998	4	375.82	59.6	12.77	3.71	78.93	9.06	8.24
1998	5	603.23	62.4	17.8	7.5	72.68	10.29	12.65
1998	6	515.18	197.2	19.77	10.52	76.37	9.25	15.14
1998	7	509.56	82.1	19.87	11.25	78.13	8.63	15.56
1998	8	404.75	101.4	18.57	10.93	80.45	7.65	14.75
1998	9	273.03	33.3	16.99	8.96	83.9	8.03	12.97
1998	10	154.54	136	10.25	4.51	83.94	5.74	7.38
1998	11	80.96	48.7	0.66	-3.75	89.93	4.4	-1.54
1998	12	53.79	60.1	0.92	-4.59	87.65	5.5	-1.84
1999	1	74.46	38.4	2.64	-2.35	87.32	4.99	0.14
1999	2	142.99	53	1.51	-4.18	87.32	5.68	-1.33
1999	3	284.15	34.3	7.61	-0.15	80.39	7.76	3.73
1999	4	372.3	74.5	12.43	3.35	79.87	9.09	7.89
1999	5	597.01	101.5	16.27	5.39	71.9	10.88	10.83
1999	6	477.59	70.2	20.25	10.39	78.17	9.85	15.32
1999	7	610.89	46.4	24.04	13.51	73.52	10.53	18.77
1999	8	455.04	73.9	21.66	11.77	77	9.89	16.71
1999	9	380.92	37.8	20.9	10.46	77.47	10.44	15.68
1999	10	174.89	63.6	11.35	4.89	84.55	6.46	8.12
1999	11	81	32.9	5.3	0.53	89.13	4.77	2.92
1999	12	53.76	79.5	2.54	-1.5	87.19	4.03	0.52
2000	1	66.96	63.4	1.73	-2.82	87.87	4.55	-0.55
2000	2	127.46	63.2	4.54	-0.69	84.97	5.23	1.93
2000	3	213.26	77.6	5.69	-0.23	83.68	5.92	2.73
2000	4	486.41	20.7	16.11	4.77	73.73	11.35	10.44
2000	5	662.58	44.2	19.69	6.69	65.87	13	13.19
2000	6	566.59	67.1	20.94	9.82	70.43	11.12	15.38
2000	7	431.53	122.8	18.97	11.23	81.87	7.74	15.1
2000	8	447.67	42.2	21.15	11.27	78.42	9.88	16.21
2000	9	314.25	40.3	16.34	6.8	81.17	9.54	11.57
2000	10	181.09	17.4	15.11	7.75	82.71	7.36	11.43
2000	11	71.74	49.6	8.19	3.52	88.37	4.67	5.85
2000	12	47.46	35.5	3.68	-0.03	90.32	3.7	1.83
2001	1	65.69	23.7	1.22	-2.31	88.74	3.54	-0.55
2001	2	149.95	31.4	2.28	-4.5	84.57	6.78	-1.11
2001	3	304.85	43.3	4.02	-3.22	82	7.24	0.4
2001	4	383.12	50.8	10.71	2.45	81.33	8.26	6.58
2001	5	606.69	47.8	17.51	6.51	70.16	11	12.01
2001	6	491.06	81.6	17.78	8.79	79.07	8.99	13.28
2001	7	531.73	194	23.3	13.74	77.81	9.56	18.52
2001	8	443.81	78.1	22.73	13.11	79.65	9.62	17.92
2001	9	222.62	149.9	15.02	8.18	87.87	6.84	11.6
2001	10	161.46	40.9	14.2	7.27	85.58	6.94	10.74
2001	11	83.04	69.6	5.28	0.43	85.83	4.85	2.85
2001	12	52.45	71.4	0.21	-4.65	88.77	4.86	-2.22
2002	1	62.47	89	2.67	-2.31	86.9	4.98	0.18
2002	2	124.32	66.2	5.99	0.31	82.39	5.67	3.15
2002	3	296.4	61.9	7.27	0.2	78.06	7.07	3.74
2002	4	406.62	29.7	11.9	2.5	76.2	9.4	7.2
2002	5	562.25	89.4	20.66	9.55	73.23	11.11	15.1
2002	6	559.19	89.1	19.87	10.95	73.57	8.92	15.41
2002	7	531.77	48.4	23.35	13.48	74.55	9.86	18.41
2002	8	534.4	51.1	25.64	14.39	74.87	11.25	20.01
2002	9	324.4	42	18.09	8.49	80.17	9.6	13.29
2002	10	138.09	136.7	9.35	3.76	86.48	5.59	6.55
2002	11	79.06	31	4.88	0.48	88.17	4.4	2.68
2002	12	50.85	16.6	-2.31	-7.95	86.1	5.65	-5.13
2003	1	60.21	56.3	-0.04	-5.31	87.71	5.27	-2.68
2003	2	160.31	8.5	-0.22	-7.82	83.68	7.6	-4.02
2003	3	331.77	8.1	6.2	-2.9	77.55	9.1	1.65
2003	4	471.1	31.3	10.79	0.44	71.33	10.35	5.61
2003	5	603.17	46.7	18.75	7.2	71.35	11.54	12.97
2003	6	640.67	45.3	21.36	10.69	69.2	10.67	16.03
2003	7	522.77	151.4	22.71	13.85	78.87	8.86	18.28
2003	8	462.67	62.9	21.88	12.59	76.32	9.3	17.24
2003	9	342.08	24.5	18.92	8.54	77.83	10.37	13.73
2003	10	188.32	50.1	9.01	1.54	84.13	7.46	5.27
2003	11	75.59	56	7.37	2.24	88.8	5.13	4.81
2003	12	45.87	66.4	3.93	-0.78	86.23	4.72	1.57
2004	1	81.84	48.5	-2.86	-8.74	86.65	5.87	-5.8
2004	2	129.51	75.3	2.51	-2.92	84.1	5.42	-0.21
2004	3	239.1	48	5.95	-0.54	80.45	6.49	2.71
2004	4	477.22	32.3	12.58	1.81	71.73	10.77	7.2
2004	5	564.28	63.9	15.22	5.86	74.23	9.36	10.54
2004	6	558.08	84	18.56	9.08	72.67	9.48	13.82
2004	7	519.23	97.3	20.21	10.99	77.52	9.23	15.6
2004	8	478.94	125.9	23.11	13.2	75.71	9.91	18.15
2004	9	309.38	49.9	17.72	8.78	77.13	8.93	13.25
2004	10	174.69	90	12.4	6.03	83.26	6.37	9.21
2004	11	83.1	60.9	5.77	0.53	87.43	5.24	3.15
2004	12	40.54	61.4	3.6	-0.18	88.32	3.78	1.71
2005	1	69.79	77.4	3.38	-1.02	84.81	4.4	1.18
2005	2	145.61	33.3	0.17	-4.75	84.11	4.92	-2.29
2005	3	304.9	56.5	3.41	-4.01	79.58	7.41	-0.3
2005	4	481.57	10.7	12.44	1.31	70.4	11.13	6.88
2005	5	542.15	80.4	16.41	6.16	73.35	10.25	11.28
2005	6	600.65	56.2	19.03	9.15	71.57	9.88	14.09
2005	7	588.99	65.9	23.86	12.92	72.29	10.95	18.39
2005	8	460.48	49.4	21.03	10.92	76.48	10.1	15.97
2005	9	342.77	25.1	20.36	9.95	77.5	10.41	15.15
2005	10	211.99	23.3	14.02	4.49	80.81	9.53	9.25
2005	11	77.37	32.1	5.61	0.97	87.77	4.64	3.29
2005	12	44.53	96.2	1.71	-2.15	90.13	3.85	-0.22
2006	1	81.91	10.3	-3.31	-9.47	85.32	6.17	-6.39
2006	2	131.16	26.8	0.13	-4.85	87.5	4.98	-2.36
2006	3	326.13	26.3	2.43	-5.84	82.39	8.27	-1.7
2006	4	380.84	62.8	10.87	2.02	75.53	8.85	6.44
2006	5	600.57	66.3	16.99	6.67	69.9	10.33	11.83
2006	6	613.37	57.4	21.36	9.9	71.07	11.45	15.63
2006	7	664.28	40.1	27.14	14.69	63.45	12.44	20.91
2006	8	369.72	118.3	20.65	12.91	82.74	7.73	16.78
2006	9	377.09	48	21.11	10.97	78	10.13	16.04
2006	10	167.22	48.9	14.62	7.05	82.55	7.57	10.84
2006	11	80.75	91	8.55	3.16	88.57	5.39	5.85
2006	12	48.16	40.3	6.75	2.42	87.39	4.33	4.59
2007	1	66.64	158.2	5.59	0.33	84.19	5.26	2.96
2007	2	123.33	37.4	1.28	-3.28	86.43	4.56	-1
2007	3	285.12	34.6	9.73	1.28	78.9	8.45	5.51
2007	4	496.35	32.5	13.53	2.47	65.93	11.06	8
2007	5	597.32	113.5	18.85	7.53	72.84	11.32	13.19
2007	6	544.8	137.3	21.88	11.99	74.2	9.89	16.93
2007	7	488.76	116.4	20.93	12.81	77.77	8.12	16.87
2007	8	467.98	63.5	22.12	13.02	78.26	9.1	17.57
2007	9	292.45	98.7	16.62	8.84	82.17	7.78	12.73
2007	10	175.66	24.8	11.29	4.49	85.1	6.8	7.89
2007	11	82.97	58.4	4.25	-0.17	88.7	4.43	2.04
2007	12	41.37	37.8	3.25	0.02	88.97	3.23	1.63
2008	1	67.14	55.3	3.25	-1.03	86.74	4.27	1.11
2008	2	108.72	40.4	5.71	0.53	82.83	5.19	3.12
2008	3	295.89	106.3	6.06	-0.53	83.23	6.59	2.77
2008	4	388.65	54.6	11.39	2.84	78.27	8.56	7.11
2008	5	663.63	10.9	17.96	5.73	68.52	12.23	11.84
2008	6	651.99	49.1	21.78	9.45	63.67	12.33	15.62
2008	7	646.42	84.8	22.32	12	73.74	10.33	17.16
2008	8	405.98	101.1	21.48	12.64	77.61	8.85	17.06
2008	9	269.59	48.2	16.01	8.49	83.27	7.51	12.25
2008	10	175.64	73.6	12.55	5.34	85.42	7.21	8.95
2008	11	85.16	74.6	6.57	1.8	88.8	4.77	4.19
2008	12	47.51	40.2	2.52	-1.27	90.16	3.79	0.62
2009	1	72.32	24.2	0.24	-4.8	88.29	5.04	-2.28
2009	2	130.09	30.5	0.97	-3.61	89.14	4.58	-1.32
2009	3	252.98	59.2	4.84	-0.62	85.23	5.45	2.11
2009	4	585.01	1.2	16.09	2.3	63.9	13.79	9.2
2009	5	580.44	65.3	16.86	5.88	71.58	10.97	11.37
2009	6	520.73	78.9	18.06	9.54	79.4	8.52	13.8
2009	7	564.28	95.1	22.98	13	75.77	9.98	17.99
2009	8	515.56	23	23.04	12.12	72.1	10.92	17.58
2009	9	324.82	54.2	18.7	9.2	79	9.49	13.95
2009	10	149.84	102.6	9.08	3.35	86.87	5.72	6.22
2009	11	77.07	53.4	7.39	2.9	87	4.49	5.14
2009	12	45.11	41.3	0.5	-3.72	89.19	4.22	-1.61
2010	1	86.38	40.4	-4.82	-10.88	86.61	6.06	-7.85
2010	2	153.37	22.3	0.05	-5.33	87.5	5.38	-2.64
2010	3	286.77	40.9	6.2	-2.27	81	8.46	1.96
2010	4	466.36	17.4	12.27	1.92	72.97	10.34	7.1
2010	5	432.94	88.8	14.33	6.68	83.1	7.65	10.5
2010	6	599.72	32.1	20.78	9.54	72.97	11.24	15.16
2010	7	600.93	120.4	25.67	14.5	71.16	11.17	20.09
2010	8	438.82	132.7	22.39	14.04	81.13	8.35	18.22
2010	9	290.97	107.7	16.23	8.41	83.27	7.82	12.32
2010	10	216.53	19.8	10.05	1.76	81.68	8.29	5.9
2010	11	52.2	120.7	5.89	1.93	89.63	3.95	3.91
2010	12	56.29	61.3	-3.38	-9.74	89.61	6.36	-6.56
2011	1	66.64	35.1	1.01	-3.17	90.97	4.19	-1.08
2011	2	146.1	60.3	-1.32	-8.18	81.96	6.85	-4.75
2011	3	309.18	20	6.5	-2.31	78.87	8.8	2.1
2011	4	464.76	18	14.53	3.85	68.47	10.68	9.19
2011	5	587.63	36.8	17.76	6.5	67.71	11.26	12.13
2011	6	647.36	74.8	22.04	10.68	70	11.36	16.36
2011	7	434.05	108.7	21.21	13.5	81.48	7.71	17.35
2011	8	477.06	77.7	21.54	12.85	78.81	8.69	17.2
2011	9	327.73	52.6	18.71	9.91	79.13	8.8	14.31
2011	10	193.96	31.1	12.74	5.6	83.65	7.13	9.17
2011	11	94.53	9	6.72	1.36	89.37	5.35	4.04
2011	12	48.98	66.4	4.33	0.45	88.23	3.89	2.39
2012	1	76.14	82.3	1.32	-2.76	87.23	4.08	-0.72
2012	2	143.13	42.3	-1.61	-8.13	83.38	6.52	-4.87
2012	3	318.25	19.6	8.52	0.06	79.48	8.46	4.29
2012	4	453.35	31.6	12.48	2.3	71.7	10.18	7.39
2012	5	628.72	25.6	18.61	6.95	66.55	11.66	12.78
2012	6	512.08	130.5	18.86	9.45	73.73	9.41	14.16
2012	7	548.12	164.9	22.19	12.98	77.61	9.21	17.59
2012	8	466.54	72.2	21.95	12.71	77.32	9.24	17.33
2012	9	307.93	38.2	17.9	9.4	79.43	8.49	13.65
2012	10	191.09	49.1	11.76	4.55	85.42	7.21	8.16
2012	11	71.35	82.7	6.65	2.81	91.43	3.84	4.73
2012	12	49.83	34.3	-0.28	-4.6	90.23	4.32	-2.44
2013	1	69.17	60.6	-0.8	-4.76	88.39	3.96	-2.78
2013	2	129.59	40.5	0.81	-2.6	90.25	3.41	-0.89
2013	3	358.55	25.8	0.91	-6.68	78.65	7.59	-2.89
2013	4	464.01	27.2	10.56	1.69	74.37	8.88	6.12
2013	5	563.38	60.1	19.09	8.79	71.68	10.3	13.94
2013	6	588.51	32.2	21.71	11.12	72.97	10.59	16.42
2013	7	560.7	57.9	22.9	12.9	74.68	10.01	17.9
2013	8	481.22	49.9	22.75	12.58	74.39	10.17	17.67
2013	9	290.21	70.8	16.03	7.8	82.6	8.23	11.91
2013	10	183.96	36.2	13.38	5.67	83.03	7.71	9.53
2013	11	63.74	49.9	6.76	2.54	90.2	4.23	4.65
2013	12	46.36	52.7	4.49	0.33	87.84	4.15	2.41
2014	1	67.05	61.1	-0.95	-5.09	86.77	4.14	-3.02
2014	2	144.67	11.6	5.54	-1.01	83.07	6.55	2.26
2014	3	290.04	62.5	9.83	1.44	78	8.39	5.63
2014	4	483.53	29.3	14.53	3.94	72.8	10.59	9.23
2014	5	575.4	66.8	16.92	7.11	74.35	9.81	12.01
2014	6	591.22	65.5	19.45	9.62	73.2	9.83	14.53
2014	7	653.38	66.9	25.54	14.82	69.42	10.71	20.18
2014	8	486.78	59.1	22.1	11.79	75.29	10.31	16.94
2014	9	362.21	36.4	19.23	9.35	80.23	9.88	14.29
2014	10	182.19	33.9	13.52	6.21	85.39	7.31	9.87
2014	11	72.69	19.7	6.83	2.35	89.47	4.48	4.59
2014	12	47.07	115.3	2.57	-2.03	88.65	4.6	0.27
2015	1	60.13	88.2	3.06	-1.06	86.71	4.12	1
2015	2	149.91	7.7	3.55	-2.11	84.04	5.66	0.72
2015	3	264.62	50	8.33	0.77	75.81	7.56	4.55
2015	4	454.61	27.1	11.89	2.48	71.73	9.41	7.19
2015	5	562.4	36.4	16.77	5.93	71.42	10.84	11.35
2015	6	577.4	65.7	19.87	9.24	69.77	10.63	14.56
2015	7	582.44	72.9	22.56	12.1	68.16	10.46	17.33
2015	8	583.29	17.6	26.55	13.69	64.84	12.86	20.12
2015	9	321.91	82.5	18.49	9.85	78.83	8.64	14.17
2015	10	182.96	32	11.38	4	81.58	7.38	7.69
2015	11	62.64	113.6	7.95	3.52	87.83	4.43	5.74
2015	12	50.71	69.5	6.71	2.09	85.84	4.62	4.4
2016	1	72.69	34	-0.48	-5.66	85.87	5.18	-3.07
2016	2	135.67	53.9	4.78	-0.27	85.24	5.04	2.25
2016	3	238.91	20.6	6.38	0.25	82.1	6.13	3.31
2016	4	477.38	20.7	12.62	2.97	70.63	9.65	7.79
2016	5	624.23	54.8	20.05	8.32	68.74	11.72	14.18
2016	6	602.46	101	22.22	11.82	70.3	10.4	17.02
2016	7	530.47	192.2	22.57	13.55	76.29	9.02	18.06
2016	8	442.64	76.7	21.57	12.86	76.52	8.71	17.21
2016	9	344.88	27.6	20.45	10.54	76.9	9.91	15.5
2016	10	124.71	84.9	9.71	5.15	88.77	4.57	7.43
2016	11	82.72	80.6	5.6	0.7	88.57	4.9	3.15
2016	12	48.6	90.3	3.73	0	88.65	3.73	1.87
2017	1	79.12	44.4	0.01	-4.09	86.9	4.1	-2.04
2017	2	122.89	38.8	2.19	-3.02	82.64	5.21	-0.41
2017	3	256.04	33.9	8.23	1.19	78.29	7.04	4.71
2017	4	390.57	64.1	9.74	2.41	76.73	7.33	6.07
2017	5	616.92	37.3	17.28	7.47	70.87	9.81	12.38
2017	6	541.86	103.9	19.93	11.65	72.3	8.29	15.79
2017	7	504.95	188.9	20.42	12.55	77.42	7.87	16.48
2017	8	478.73	95.1	21.84	13.09	75.74	8.75	17.46
2017	9	259.43	109.2	16.67	10.33	83.77	6.34	13.5
2017	10	156.36	146	12.49	7.38	86.03	5.11	9.94
2017	11	70.29	71.2	6.6	2.45	89.37	4.15	4.52
2017	12	43.92	82.1	3.64	0.01	89	3.63	1.83
2018	1	61.48	62.6	2.29	-1.63	87.16	3.92	0.33
2018	2	166.18	10.9	-0.63	-6.43	81.11	5.8	-3.53
2018	3	262.7	41.6	2.65	-3.75	76.87	6.39	-0.55
2018	4	476.82	44.2	16.26	5.35	70.83	10.91	10.81
2018	5	711.27	25.5	21.69	9.31	65.03	12.38	15.5
2018	6	633.76	20.5	22.53	11.71	66.83	10.81	17.12
2018	7	563.87	86.2	24.4	14.87	74.35	9.53	19.64
2018	8	520.26	49.5	24.53	14.86	70.48	9.66	19.7
2018	9	336.15	25.2	20.11	10.7	74.33	9.41	15.41
2018	10	217.89	54.6	14.64	5.78	78.87	8.85	10.21
2018	11	86.19	21.2	6.97	2.28	86.47	4.69	4.62
2018	12	39.38	80.2	3.24	-0.16	89.9	3.4	1.54
2019	1	67.23	62.5	1.02	-3.14	87.77	4.16	-1.06
2019	2	131.55	29.3	5.64	-0.36	81.11	6.01	2.64
2019	3	263.21	64.8	8.67	1.45	79.42	7.22	5.06
2019	4	541.62	3.8	14.17	2.93	62.67	11.24	8.55
2019	5	485.95	62.7	15.56	7.05	72.77	8.52	11.31
2019	6	686.97	83.9	26.31	14.11	66.13	12.2	20.21
2019	7	570.07	62.6	21.74	12.71	68.71	9.03	17.22
2019	8	496.6	30.9	24.24	13.67	71.68	10.57	18.96
2019	9	280.28	123.6	17.54	9.9	79.1	7.64	13.72
2019	10	169.97	47.2	13.26	6.56	86.03	6.71	9.91
2019	11	70.4	61.5	7.35	2.99	89.6	4.37	5.17
2019	12	49.32	43.2	5.03	0.8	85.48	4.23	2.91
