yyyy	mm	SLR	PCP	MAX	MIN	HMD	DIF	TAS
1990	1	77.48	11.2	3.38	-1.43	85.26	4.82	0.98
1990	2	180.05	21.1	8.53	1.18	79.14	7.35	4.85
1990	3	304.81	26.1	11.19	2.09	72.74	9.1	6.64
1990	4	428.81	48.9	13.67	3.38	73.03	10.3	8.52
1990	5	615.31	24.8	19.45	6.85	69.26	12.6	13.15
1990	6	605.54	49	22.81	10.41	72.67	12.4	16.61
1990	7	498.49	66.5	21.93	12.21	75.45	9.72	17.07
1990	8	492.56	94.9	23.6	11.74	75.13	11.85	17.67
1990	9	247.2	94.7	15.29	7.73	84.53	7.56	11.51
1990	10	246.85	21.3	14.32	4.2	77.39	10.12	9.26
1990	11	75.63	75.7	6.94	2.61	88.07	4.33	4.78
1990	12	72.74	23.7	1.14	-2.8	87.97	3.93	-0.83
1991	1	94.55	19.1	1.91	-3.21	85.81	5.12	-0.65
1991	2	167.25	33.8	-1.93	-8.23	83.68	6.3	-5.08
1991	3	269.62	16.3	6.8	0.5	83.52	6.3	3.65
1991	4	431.73	20	12.15	2.46	74.93	9.69	7.31
1991	5	505.26	60.6	16.16	6.21	76.52	9.95	11.18
1991	6	581.19	94.8	21.47	10.14	77.9	11.33	15.8
1991	7	528.48	57.8	23.98	13.22	78.16	10.76	18.6
1991	8	437.09	47.1	23.1	13.25	80.35	9.85	18.17
1991	9	368.05	55.7	20.07	8.98	78.6	11.09	14.52
1991	10	220.73	21.1	12.03	3.95	82.52	8.08	7.99
1991	11	89.22	38.5	6.62	1.7	88.2	4.93	4.16
1991	12	69.36	26.9	0.04	-5.13	88.13	5.17	-2.55
1992	1	87.75	17.7	0.27	-4.61	85.81	4.88	-2.17
1992	2	149.72	30.4	2.72	-2.52	85.66	5.24	0.1
1992	3	320.55	29	8.11	-0.29	78.35	8.4	3.91
1992	4	403.47	69.3	11.86	3.19	76.07	8.67	7.53
1992	5	535.18	62	18.37	7.39	73.29	10.98	12.88
1992	6	615.72	27.2	23.28	11.45	72.97	11.83	17.37
1992	7	605.6	58.7	25.63	12.76	70.16	12.87	19.2
1992	8	566.06	20	28.53	14.47	65.06	14.06	21.5
1992	9	299.45	131.1	17.66	7.86	81.07	9.8	12.76
1992	10	171.7	104.3	9.46	3.13	85.97	6.33	6.3
1992	11	94.5	49.3	5.73	1.07	87.17	4.67	3.4
1992	12	65.86	30.1	1.29	-3.51	88.71	4.8	-1.11
1993	1	93.59	42.9	2.25	-3.91	81.65	6.16	-0.83
1993	2	155.85	20.4	0.93	-4.78	85.96	5.71	-1.93
1993	3	318.41	29.8	4.38	-3.43	80.45	7.81	0.47
1993	4	433.58	20.2	13.43	3.4	71.43	10.03	8.42
1993	5	614.28	35.2	22.5	9.46	69.35	13.04	15.98
1993	6	565.34	64.3	21.14	10.4	74.37	10.73	15.77
1993	7	519.7	73.2	22.31	11.91	77.87	10.41	17.11
1993	8	503.53	22.8	22.76	11.01	75.23	11.75	16.89
1993	9	287.41	43.8	17.02	8.38	83.47	8.64	12.7
1993	10	211.47	29.3	12.76	5.06	84.77	7.69	8.91
1993	11	124.44	13.3	-0.05	-6.19	82.9	6.14	-3.12
1993	12	61.02	34.9	3.64	-0.76	86.74	4.4	1.44
1994	1	81.54	43.2	4.1	-0.34	86.61	4.44	1.88
1994	2	156.84	20.8	0.2	-5.71	84.75	5.91	-2.75
1994	3	295.52	66.6	7.38	0.46	80.1	6.92	3.92
1994	4	385.21	86.2	14.19	4.84	76.67	9.34	9.52
1994	5	572.94	73.6	18.33	7.23	72.29	11.1	12.78
1994	6	590.33	11.9	21.31	10.18	71.3	11.13	15.75
1994	7	679.77	21.2	27.86	12.92	61.74	14.94	20.39
1994	8	483.69	73.4	23.88	13.16	74.06	10.72	18.52
1994	9	302.45	74.6	20.25	11.49	83.27	8.77	15.87
1994	10	204.58	77.8	10.75	2.86	83.45	7.89	6.8
1994	11	111.69	26.5	6.03	0.27	83.37	5.76	3.15
1994	12	66.37	50	1.96	-2.36	88.19	4.32	-0.2
1995	1	93.34	21.2	0.24	-4.56	84.94	4.8	-2.16
1995	2	143.11	42.8	5.7	0.04	82.89	5.66	2.87
1995	3	293.12	51.3	6.4	-0.07	81.03	6.47	3.17
1995	4	431.74	42.2	12.37	3.45	75.33	8.92	7.91
1995	5	529.34	37.3	17.9	7.53	72.84	10.36	12.71
1995	6	543.37	87.2	22.76	12.2	78.57	10.56	17.48
1995	7	664.47	27.8	26.26	13.12	70.48	13.14	19.69
1995	8	516.91	45.1	24.41	11.61	71.32	12.81	18.01
1995	9	277.93	81	17.36	9.24	84.67	8.12	13.3
1995	10	227.64	13.3	14.56	5.45	85.16	9.11	10
1995	11	106.17	19.7	2.06	-3.33	87.4	5.39	-0.64
1995	12	77.28	19.1	-2.65	-8.66	87.13	6.02	-5.65
1996	1	94.21	11.1	-4.38	-9.77	86.74	5.39	-7.07
1996	2	172.71	42.4	-3.31	-9.88	83.59	6.57	-6.59
1996	3	333.39	20.5	0.53	-6.15	81.84	6.68	-2.81
1996	4	504.5	21.4	13.6	2.25	71.77	11.35	7.92
1996	5	589.93	92.4	21.87	10.57	78.19	11.3	16.22
1996	6	629.31	36.1	22.52	10.93	74.07	11.59	16.73
1996	7	533.65	72.9	22.25	11.65	78.87	10.6	16.95
1996	8	442.97	71.2	23.52	12.89	77.97	10.63	18.21
1996	9	199.21	66.4	13.62	7.43	85.8	6.19	10.52
1996	10	201.34	49.3	13.13	5.14	86.58	7.99	9.14
1996	11	110.1	51.2	8.99	3.53	86.3	5.46	6.26
1996	12	74.47	15	-3.15	-7.62	88.42	4.47	-5.39
1997	1	98.68	2.8	-2.7	-8.06	88.84	5.36	-5.38
1997	2	160.03	21.1	4.13	-1.66	81.71	5.79	1.24
1997	3	334.21	23.9	6.98	-1.18	78.35	8.16	2.9
1997	4	457.3	51.3	9.56	0.73	75.57	8.84	5.14
1997	5	582.64	79.6	19.67	9.08	74.61	10.59	14.37
1997	6	613.99	43.3	22.16	10.93	75.67	11.23	16.54
1997	7	498.06	183.4	22.75	13.31	83	9.44	18.03
1997	8	519.65	42.4	24.32	12.34	76.35	11.98	18.33
1997	9	322.11	47.6	17.76	8.36	81.73	9.4	13.06
1997	10	200.97	53.4	9.66	2.74	85.77	6.93	6.2
1997	11	99.62	41.7	5.48	0.87	89.23	4.61	3.18
1997	12	56.4	40.8	0.89	-3.35	89.48	4.24	-1.23
1998	1	104.09	19.5	3.08	-2.36	87.19	5.44	0.36
1998	2	127.39	28.3	6.31	-0.39	83	6.7	2.96
1998	3	315.63	35	5.32	-2.38	78.61	7.7	1.47
1998	4	405.64	46.8	14.87	5.74	76.93	9.14	10.3
1998	5	588.64	52.9	19.97	8.2	73.35	11.77	14.09
1998	6	533.89	76.3	22.96	13.05	78.57	9.91	18.01
1998	7	500.4	73	23.1	13.38	78.84	9.72	18.24
1998	8	476.25	86.1	21.91	11.57	78.68	10.34	16.74
1998	9	316.33	43.4	18.45	8.19	83.27	10.25	13.32
1998	10	181.03	55.1	11	4.39	84.74	6.61	7.69
1998	11	104.93	34.4	0.33	-4.56	87.77	4.9	-2.12
1998	12	76.48	22.9	-0.86	-6.15	85.9	5.29	-3.51
1999	1	100.93	15.4	2.33	-2.73	87.19	5.06	-0.2
1999	2	127.89	60.2	0.61	-4.2	87.54	4.81	-1.8
1999	3	332.55	16.8	9	0.42	78.52	8.57	4.71
1999	4	421.39	98.2	15.05	5.24	76.3	9.81	10.14
1999	5	633.61	42.1	17.97	5.92	70.71	12.05	11.94
1999	6	551.94	103.3	24.51	13.47	80.47	11.04	18.99
1999	7	597.91	82.1	26.05	14.35	73.58	11.7	20.2
1999	8	491.33	39.1	23.22	11.92	77.71	11.3	17.57
1999	9	386.25	37.5	21.26	9.5	77.37	11.76	15.38
1999	10	183.66	40.2	11.69	4.7	84.74	6.98	8.2
1999	11	101.35	63.4	4.12	-1.42	88.73	5.55	1.35
1999	12	73.29	29.9	2.14	-2.63	85.1	4.76	-0.24
2000	1	87.46	32.2	-0.14	-5.19	88.65	5.05	-2.67
2000	2	154.46	34.7	4.34	-1.24	84.1	5.58	1.55
2000	3	293.15	67.8	6.75	-0.09	81.13	6.84	3.33
2000	4	516.48	74.3	17.99	5.91	70.4	12.08	11.95
2000	5	668.42	54.9	21.72	7.8	63.87	13.92	14.76
2000	6	684.42	29.6	23.49	10.87	67.93	12.62	17.18
2000	7	485.3	130.2	22.02	12.31	80	9.71	17.16
2000	8	518.64	61.9	24.12	12.52	76.65	11.6	18.32
2000	9	343.97	65.8	16.78	6.66	80.53	10.12	11.72
2000	10	275.05	4	16.85	6.06	78.39	10.79	11.45
2000	11	111.69	37.7	10.23	3.56	87.47	6.67	6.9
2000	12	60.67	51.7	3.76	-0.74	89.77	4.5	1.51
2001	1	88.2	35.7	1.37	-3.17	88.71	4.54	-0.9
2001	2	160.55	22	2.49	-4.45	83.57	6.93	-0.98
2001	3	298.11	40.5	6.46	-0.79	81.06	7.25	2.83
2001	4	421.02	59.2	13.94	4.36	78.1	9.59	9.15
2001	5	634.19	24.7	20.14	8.04	66.16	12.1	14.09
2001	6	543.17	51.9	20.05	10.21	77.67	9.85	15.13
2001	7	562.08	160.5	26.41	15.52	80.55	10.89	20.96
2001	8	526.75	67.7	25.08	13.39	76.77	11.69	19.23
2001	9	243.33	136.2	16.16	9.18	87.17	6.98	12.67
2001	10	184.72	22.1	15.08	6.95	86.16	8.13	11.01
2001	11	97.74	34.9	4.44	-0.86	85.9	5.3	1.79
2001	12	70.27	18	-3.1	-9.85	87.65	6.75	-6.47
2002	1	75.13	36.3	0.82	-4.23	86.97	5.05	-1.7
2002	2	167.96	45.5	7.19	0.36	81.29	6.83	3.78
2002	3	363.64	35.1	9.76	0.21	74.74	9.55	4.98
2002	4	458.01	22.4	13.88	3.94	72.63	9.94	8.91
2002	5	624.82	30.1	23.08	10.38	69.1	12.71	16.73
2002	6	577.41	100.6	22.63	11.9	74.7	10.73	17.27
2002	7	612.64	68.3	26.88	15.36	72.48	11.52	21.12
2002	8	548.05	44.3	26.57	13.75	72.84	12.82	20.16
2002	9	323.76	37.1	18.63	7.96	78.6	10.67	13.29
2002	10	174.01	94.3	11.09	3.91	84.9	7.18	7.5
2002	11	101.92	22.5	7.88	1.69	86.57	6.19	4.78
2002	12	79.26	10.6	-3.95	-10.53	86.9	6.58	-7.24
2003	1	82.63	26.7	-0.78	-6.52	87.26	5.74	-3.65
2003	2	170.51	29.3	-2.16	-10.63	85.07	8.47	-6.39
2003	3	327.62	14.5	6.15	-2.32	77.06	8.47	1.91
2003	4	473.12	48	12.26	2.13	68.73	10.13	7.2
2003	5	587.83	61.4	21.88	10.23	70.84	11.65	16.05
2003	6	655.33	48.6	23.29	11.24	67.03	12.05	17.26
2003	7	584.09	95.2	25.97	14.55	76	11.42	20.26
2003	8	551.24	30.3	25.37	12.61	66.77	12.75	18.99
2003	9	391.09	25.4	20.61	7.29	75	13.31	13.95
2003	10	173.28	39.3	9.16	2.49	84.45	6.67	5.82
2003	11	102.34	17.8	7.96	2.25	88.27	5.71	5.1
2003	12	78.16	29.7	3.14	-1.81	85.77	4.95	0.66
2004	1	98.53	30.5	-2.96	-8.27	86.61	5.31	-5.62
2004	2	149.85	61.5	2.02	-3.83	83.55	5.85	-0.91
2004	3	298.71	28.9	6.96	-0.69	79.42	7.66	3.14
2004	4	476.75	48.3	13.92	2.73	67.53	11.19	8.33
2004	5	578.88	47.1	17.31	6.97	71.61	10.34	12.14
2004	6	596.51	51.6	21.68	10.31	69.3	11.37	16
2004	7	606.39	97.1	23.67	12.74	74.74	10.93	18.21
2004	8	507.22	50.8	24.48	13.17	74.97	11.31	18.82
2004	9	358.09	18.8	18.88	7.97	76.77	10.91	13.43
2004	10	218.89	20.3	14.69	6.16	82.52	8.52	10.43
2004	11	87.41	69.6	5.94	1	87.73	4.93	3.47
2004	12	61.82	20.1	3.51	-0.7	88.39	4.21	1.41
2005	1	94	42.8	2.44	-2.36	84	4.8	0.04
2005	2	167.49	34.4	-0.74	-6.96	83.43	6.22	-3.85
2005	3	333.3	46.6	3.86	-4.61	77.29	8.47	-0.38
2005	4	469.6	22.9	14.9	3.3	67.5	11.59	9.1
2005	5	578.86	93.2	19.15	8.05	72.32	11.11	13.6
2005	6	602.03	47.9	21.43	10.31	70.97	11.12	15.87
2005	7	629.06	77.4	26.45	13.35	69.61	13.09	19.9
2005	8	482.16	113.9	23.2	12.01	75.1	11.19	17.6
2005	9	406.88	26.2	22.12	8.41	75.9	13.72	15.26
2005	10	242	4.8	14.42	4.06	80.84	10.36	9.24
2005	11	107.2	28.3	6.1	-0.32	87.2	6.42	2.89
2005	12	51.41	71.3	1.26	-2.92	90.03	4.18	-0.83
2006	1	102.78	13.3	-4.81	-11.67	85.81	6.86	-8.24
2006	2	159.29	28.4	-1.19	-8.09	87.29	6.89	-4.64
2006	3	292.01	50	2.68	-5.2	82.29	7.88	-1.26
2006	4	484.55	35	14.55	3.76	71.57	10.79	9.16
2006	5	575.61	64	19.3	8.15	66.87	11.16	13.72
2006	6	633.12	40.8	22.51	10.84	69.9	11.68	16.67
2006	7	708.72	14.2	28.82	13.7	59.39	15.12	21.26
2006	8	434.76	238.2	23.39	13.41	80.94	9.97	18.4
2006	9	382.94	12.9	21.54	9.73	77.47	11.81	15.63
2006	10	223.37	24.3	15.77	5.76	81.71	10.01	10.76
2006	11	96.19	41	8.8	2.32	87.5	6.48	5.56
2006	12	68.27	22.3	5.57	0.66	87.65	4.92	3.12
2007	1	79.73	82.8	5.5	-0.16	83.23	5.66	2.67
2007	2	140.02	35.2	1.23	-4.43	85.5	5.65	-1.6
2007	3	312.78	35.6	11.4	2.03	75.35	9.36	6.71
2007	4	514.84	16	14.62	2.42	61.27	12.2	8.52
2007	5	611.74	78.5	21.29	9.48	69.29	11.81	15.39
2007	6	603.4	60	24.26	12.59	72.43	11.67	18.43
2007	7	565.69	105.3	24.82	13.66	72.58	11.15	19.24
2007	8	469.2	45.7	24.63	13.55	76.55	11.08	19.09
2007	9	337.7	117.2	18.59	8.55	81.4	10.03	13.57
2007	10	194.1	19.9	12.31	4.14	84.61	8.17	8.23
2007	11	106.2	34.6	4	-1.6	88.63	5.6	1.2
2007	12	60.47	14.6	1.12	-2.93	90.29	4.05	-0.9
2008	1	93.29	44.8	2.74	-2.48	86.03	5.22	0.13
2008	2	156.94	18.1	5.73	-0.9	81.03	6.64	2.42
2008	3	312.89	60.4	7.82	0.16	78.06	7.66	3.99
2008	4	405.43	57.6	14.3	4.66	75.47	9.63	9.48
2008	5	539.92	84.8	18.08	8.05	74.84	10.04	13.06
2008	6	667.99	37.8	23.66	10.83	64.87	12.83	17.24
2008	7	573.65	71.3	24.38	13	73.45	11.38	18.69
2008	8	517.96	60.7	25.36	13.14	74.13	12.22	19.25
2008	9	254.93	77.4	17.26	8.59	83.93	8.67	12.93
2008	10	198.43	58.3	14.57	6.25	84.65	8.32	10.41
2008	11	105.88	33.7	7.92	1.88	87.1	6.03	4.9
2008	12	68.11	36.7	3.25	-1.07	88.29	4.33	1.09
2009	1	86.92	27.9	0.03	-5.78	87.81	5.81	-2.88
2009	2	145.78	38.7	1.79	-3.65	88.29	5.43	-0.93
2009	3	269.67	78.7	4.89	-1.13	84.97	6.02	1.88
2009	4	572.24	3.9	17.33	3.39	61.37	13.94	10.36
2009	5	593.59	78.9	19.21	7.4	69.52	11.82	13.3
2009	6	535.42	142.5	21.66	11.71	79.47	9.95	16.69
2009	7	612.51	50.9	25.62	14.27	75.03	11.35	19.95
2009	8	545.62	67.1	24.49	12.17	73.13	12.32	18.33
2009	9	387.27	23.5	21.37	9.16	78	12.2	15.27
2009	10	164.76	108.3	10.69	4.02	88.06	6.67	7.35
2009	11	95.18	45.3	8.17	2.57	88.03	5.6	5.37
2009	12	55.4	49.6	1.04	-4.23	87.97	5.27	-1.6
2010	1	94.57	38.5	-5.81	-11.87	87.81	6.06	-8.84
2010	2	173.07	39	0.48	-5.5	87.07	5.98	-2.51
2010	3	352.04	24.5	7.57	-1.15	76.55	8.72	3.21
2010	4	478.3	26.5	14.8	3.99	70.33	10.8	9.4
2010	5	485.46	126	19.19	10.25	82.81	8.94	14.72
2010	6	599.52	75.3	22.97	12.76	74.87	10.21	17.87
2010	7	576.08	95.2	27.07	15.7	74.32	11.37	21.39
2010	8	489.82	135.8	25.72	14.85	79.03	10.87	20.28
2010	9	262.97	121.4	16.58	8.44	85.37	8.14	12.51
2010	10	238.23	10.4	10.47	1.35	80.81	9.13	5.91
2010	11	93.56	56.5	9.82	3.26	86.7	6.56	6.54
2010	12	68.78	41.9	-2.14	-7.86	89.39	5.72	-5
2011	1	79.64	32.6	1.09	-3.16	90.45	4.25	-1.03
2011	2	155.58	26.7	-1.35	-7.23	81.57	5.87	-4.29
2011	3	347.62	11.2	7.61	-1.96	72.65	9.57	2.82
2011	4	497.1	41.4	15.88	4.63	66.33	11.26	10.25
2011	5	600.1	50.6	20.27	7.56	70.58	12.71	13.91
2011	6	586.24	66.6	24.15	12.92	71.23	11.22	18.54
2011	7	464.22	150.2	24.03	14.5	82.39	9.54	19.26
2011	8	533.51	41.3	24.69	13.25	76.45	11.44	18.97
2011	9	365.62	2.1	21.32	9.22	78.07	12.1	15.27
2011	10	226.9	26.5	13.04	3.27	82.48	9.76	8.15
2011	11	115.47	1.1	6.22	-1.11	87.83	7.33	2.56
2011	12	63.72	33.7	4.4	-0.47	87.65	4.87	1.97
2012	1	90.83	42.7	0.5	-4.29	86.45	4.79	-1.9
2012	2	175.03	22.6	-3.9	-11.22	81.41	7.33	-7.56
2012	3	333.41	34.8	9.37	0.04	74.61	9.33	4.7
2012	4	460.12	32.8	15.2	4.27	70.77	10.93	9.73
2012	5	566.74	49.9	21.33	9.08	69.06	12.24	15.2
2012	6	558.08	72.8	22.49	12.51	77.1	9.98	17.5
2012	7	646.92	68.9	27.75	15.23	71.65	12.53	21.49
2012	8	512.16	74.2	24.93	13.19	75.52	11.73	19.06
2012	9	359.48	37.4	21.03	9.67	77.43	11.36	15.35
2012	10	193.59	95.1	12.67	4.08	85.61	8.59	8.37
2012	11	88.09	25	8.31	3.05	88.77	5.26	5.68
2012	12	78.36	34.1	-1.24	-6.7	88.29	5.46	-3.97
2013	1	86.11	69.8	-1.45	-6.2	87.65	4.75	-3.83
2013	2	126.96	30.8	1.21	-2.89	88.25	4.1	-0.84
2013	3	311.68	61	1.54	-5.52	75.13	7.06	-1.99
2013	4	454.82	63.1	13.43	3.51	74.27	9.92	8.47
2013	5	560.86	91.6	20.81	10.43	75.06	10.37	15.62
2013	6	572.46	111.7	23.65	13.51	78.83	10.15	18.58
2013	7	601.98	65.6	24.87	13.3	73.58	11.56	19.09
2013	8	542.56	18.8	25.75	12.67	70.97	13.08	19.21
2013	9	290.07	60	16.79	7.72	82.8	9.07	12.26
2013	10	223.66	5.7	15.08	5.76	82.61	9.32	10.42
2013	11	90.69	62.5	8.58	3.03	88.83	5.55	5.81
2013	12	75.62	20.6	4.11	-0.99	85.97	5.1	1.56
2014	1	82.05	64.2	-0.24	-5.29	85.71	5.05	-2.76
2014	2	168.4	12	5.39	-2.05	82.11	7.44	1.67
2014	3	308.63	40.1	11.65	1.73	75.23	9.91	6.69
2014	4	448.81	44.7	15.82	5.11	73.37	10.71	10.47
2014	5	530.41	180.3	19.61	8.9	75.16	10.72	14.25
2014	6	595.45	80.6	21.68	10.65	74	11.03	16.16
2014	7	651.49	66.1	26.96	15.09	73.9	11.87	21.03
2014	8	499.83	91.7	24.33	13.6	77.19	10.73	18.97
2014	9	373.5	27.8	20.25	9.37	80.47	10.88	14.81
2014	10	246.54	26	15.16	4.74	82.65	10.42	9.95
2014	11	94.15	19.9	7.19	2.09	88.43	5.1	4.64
2014	12	61.24	59.2	2.47	-2.2	87.48	4.67	0.14
2015	1	75.64	47.2	3.37	-1.14	85.16	4.51	1.12
2015	2	165.17	7.6	4.06	-2.07	82.89	6.14	1
2015	3	335.71	40.7	10.25	0.75	74.23	9.5	5.5
2015	4	488.07	40.7	13.8	3.3	68.77	10.5	8.55
2015	5	499.63	106.2	18.64	7.85	72.26	10.78	13.25
2015	6	631.39	24.8	23.07	11.49	69.4	11.58	17.28
2015	7	658.55	42.9	26.23	13.75	67.45	12.48	19.99
2015	8	612.13	6.4	29.59	14.31	59.58	15.28	21.95
2015	9	308.39	100.1	20.11	11.25	77.97	8.86	15.68
2015	10	229.43	45.5	11.74	3.05	81.16	8.69	7.39
2015	11	103.5	52.3	8.03	2.3	86.3	5.73	5.17
2015	12	70.09	23.7	6.56	0.91	86.23	5.65	3.74
2016	1	87.43	37.9	-1.06	-7.05	86.1	5.99	-4.05
2016	2	139	62.4	6.41	0.87	83.48	5.54	3.64
2016	3	285.77	61.9	7.94	0.67	79.32	7.27	4.31
2016	4	439.94	48.4	14.5	4.87	71.37	9.63	9.68
2016	5	662.94	49.8	20.96	8.49	70.65	12.48	14.73
2016	6	626.68	76.6	24.8	12.46	67.73	12.35	18.63
2016	7	567.95	135.6	25.52	14.18	73.52	11.35	19.85
2016	8	510.32	44.8	24.71	12.45	73.87	12.26	18.58
2016	9	372.42	14.4	21.89	9.1	75.23	12.79	15.49
2016	10	154.48	109	10.6	4.22	86.68	6.38	7.41
2016	11	94.18	48.5	5.28	0.37	87.03	4.91	2.83
2016	12	61.91	54	2.48	-2.47	88.9	4.95	0
2017	1	105.25	14.2	-1.99	-8.34	85.74	6.35	-5.16
2017	2	149.25	38.2	1.67	-4.32	82.71	5.99	-1.33
2017	3	274.37	35.9	10.44	2.25	77.26	8.19	6.35
2017	4	436.51	58.4	12.94	2.93	72.8	10.01	7.94
2017	5	618.95	54.8	19.83	8.16	71.16	11.67	14
2017	6	632.73	32.9	24.28	12.11	68.83	12.17	18.2
2017	7	580.04	102.5	24.68	12.85	73.32	11.84	18.77
2017	8	529.65	44.8	26.34	13.34	72.71	13	19.84
2017	9	263.54	86.1	18.39	10.56	83.17	7.83	14.48
2017	10	163.33	88.5	12.65	6.24	85.77	6.41	9.44
2017	11	85.3	43.9	6.59	1.78	88.3	4.81	4.18
2017	12	54.34	32.6	4.23	-0.24	86.65	4.46	1.99
2018	1	93.43	25.4	2.54	-2.43	85.45	4.97	0.05
2018	2	154.76	12.7	-0.93	-6.34	82.46	5.42	-3.63
2018	3	324.92	30.4	4.25	-4.37	75.19	8.62	-0.06
2018	4	540.54	42.3	20.27	6.72	66.27	13.56	13.49
2018	5	652.72	41.1	23.47	10.17	66.87	13.3	16.82
2018	6	625.62	48.6	25.14	12.38	67.47	12.76	18.76
2018	7	545.94	90.2	25.99	15.17	73.65	10.82	20.58
2018	8	545.73	30	27.04	14.29	71.77	12.75	20.66
2018	9	387.39	58.9	21.78	9.93	74.6	11.85	15.85
2018	10	243	36.6	16.19	4.71	78.87	11.48	10.45
2018	11	114.08	11.3	7.23	0.74	86.97	6.49	3.99
2018	12	48.56	67.3	2.43	-1.74	89.74	4.16	0.35
2019	1	88.38	52	-0.46	-5.61	86.35	5.15	-3.03
2019	2	166	14.5	6.31	-0.53	79.11	6.84	2.89
2019	3	314.06	26.8	10.24	1.18	73.74	9.06	5.71
2019	4	499.35	29.9	15.62	4.16	60.7	11.47	9.89
2019	5	487.7	99.3	18.82	9	75.1	9.83	13.91
2019	6	702.99	29.7	28.26	14.99	65.5	13.27	21.63
2019	7	617.67	52.7	25.09	12.79	66.77	12.29	18.94
2019	8	540.39	82.4	26.53	13.68	71.23	12.85	20.11
2019	9	364.99	46.8	20.33	9.03	76.5	11.3	14.68
2019	10	249.39	30.9	16.77	6.14	82.74	10.64	11.45
2019	11	109.36	48.7	9.59	3.63	88.17	5.97	6.61
2019	12	65.65	51.7	5.56	0.55	86.1	5.01	3.06
