yyyy	mm	SLR	PCP	MAX	MIN	HMD	DIF	TAS
1990	1	92.94	16.1	3.16	-2.69	85.52	5.86	0.24
1990	2	196.78	34.6	8.96	0.71	78	8.25	4.83
1990	3	312.29	18.8	12.29	2.02	73.26	10.27	7.15
1990	4	420.21	70.3	14	3.42	75.2	10.59	8.71
1990	5	604.39	36.8	20.07	6.7	72.13	13.37	13.38
1990	6	601.32	40.7	22.94	10.28	74.73	12.66	16.61
1990	7	503.72	84.1	22.48	11.96	77	10.52	17.22
1990	8	496.27	80.1	23.93	11.22	77.48	12.71	17.57
1990	9	268.94	78.7	15.85	7.74	84.07	8.11	11.8
1990	10	262.41	12.7	15.08	3.95	78.81	11.13	9.51
1990	11	86.71	51.8	8.08	2.79	87.57	5.29	5.44
1990	12	85.55	26.3	1.29	-3.73	87.77	5.02	-1.22
1991	1	105.9	24	2.03	-3.72	85.68	5.75	-0.85
1991	2	184.4	24.8	-1.26	-9.03	83.61	7.77	-5.14
1991	3	277.7	13	8.68	1.18	82.77	7.5	4.93
1991	4	447.35	29	12.83	2.22	76.23	10.61	7.53
1991	5	443.34	80.8	16.06	6.52	78.55	9.55	11.29
1991	6	571.16	51.1	22.13	10.32	78.1	11.8	16.23
1991	7	477.09	40	24.64	13.71	79.55	10.93	19.17
1991	8	436.62	87.8	23.13	12.98	81.65	10.15	18.05
1991	9	398.01	73.2	20.53	8.97	79.5	11.56	14.75
1991	10	224.35	58.1	12.2	4.31	84.32	7.89	8.25
1991	11	108.27	25.4	7.22	2.06	86.87	5.16	4.64
1991	12	81.46	23.4	-0.39	-6.1	87.74	5.71	-3.24
1992	1	108.68	25.7	0.4	-5.4	85.68	5.8	-2.5
1992	2	175.71	24.3	3.17	-2.74	85.48	5.9	0.21
1992	3	328.36	25.3	8.83	-0.21	77.97	9.04	4.31
1992	4	405.35	63	13.16	3.65	75.63	9.51	8.41
1992	5	527.97	66.8	18.52	7.02	76.03	11.5	12.77
1992	6	570.68	46.2	23.52	11.52	78.3	12	17.52
1992	7	626.04	52.6	25.86	12.62	73.74	13.25	19.24
1992	8	558.77	30.2	28.82	14.45	70.94	14.37	21.63
1992	9	336.05	122.1	18.19	7.43	79.37	10.76	12.81
1992	10	198.53	93.4	11.18	3.46	86.1	7.72	7.32
1992	11	102.79	63.7	6.84	1.43	86.4	5.41	4.14
1992	12	83.05	33.9	1.49	-3.95	87.65	5.44	-1.23
1993	1	109.25	29.7	2.27	-4.58	80.61	6.85	-1.15
1993	2	173.09	25.2	1.25	-5.25	84.68	6.51	-2
1993	3	319.87	35.5	5.2	-3.12	80.29	8.32	1.04
1993	4	458.32	24.2	14.03	2.55	72.8	11.48	8.29
1993	5	643.29	53.8	22.63	8.67	72.26	13.96	15.65
1993	6	548.8	75.2	21.5	10.43	77.4	11.07	15.97
1993	7	529.14	97.5	22.77	11.82	79.74	10.95	17.3
1993	8	505.8	55.7	23.17	11.39	77.61	11.78	17.28
1993	9	333.31	42.3	18.16	8.76	81.5	9.4	13.46
1993	10	221.54	24.7	14.2	5.86	85.32	8.34	10.03
1993	11	141.43	19.2	1.82	-5.97	84.33	7.78	-2.08
1993	12	69.8	27.9	4.33	-0.5	85.9	4.83	1.91
1994	1	100.85	40	5.03	-0.27	84.32	5.29	2.38
1994	2	170.38	18.6	1.9	-4.47	84.36	6.37	-1.28
1994	3	311.18	62	9.5	1.14	79.03	8.36	5.32
1994	4	416.51	62.2	15.08	4.11	76.67	10.97	9.59
1994	5	571.79	47.6	18.98	6.97	75.61	12.01	12.98
1994	6	586.75	46.1	22.5	9.96	72.37	12.54	16.23
1994	7	662.38	36.4	28.02	12.36	66.19	15.66	20.19
1994	8	473.79	97.2	24.67	12.71	77.03	11.96	18.69
1994	9	318.41	68	21.47	11.66	83.47	9.81	16.56
1994	10	218.28	92.2	12.03	2.7	83.87	9.32	7.36
1994	11	114.32	44.9	7.13	0.75	84.2	6.38	3.94
1994	12	82.83	56.3	2.47	-2.58	87.48	5.05	-0.05
1995	1	115.81	23.6	0.98	-4.43	83.87	5.41	-1.73
1995	2	166.78	51.6	6.81	-0.21	81.07	7.01	3.3
1995	3	310.29	38	7.35	-0.04	80.26	7.39	3.66
1995	4	437.03	66.5	12.45	3.05	76.83	9.4	7.75
1995	5	513.18	58.9	17.93	6.94	74.52	10.99	12.44
1995	6	538.84	98.2	22.98	11.44	79.3	11.54	17.21
1995	7	659.43	19.8	26.63	12.89	72.84	13.74	19.76
1995	8	512.92	80.5	24.54	11.59	75.42	12.95	18.07
1995	9	297.65	109.6	17.74	9.18	84.63	8.56	13.46
1995	10	236.64	12.4	15.79	5.1	84.97	10.69	10.45
1995	11	123.97	40.8	2.99	-3.65	87.43	6.64	-0.33
1995	12	91.69	36.5	-1.92	-7.92	86.94	6	-4.92
1996	1	115.4	24.5	-3.38	-8.78	86.45	5.4	-6.08
1996	2	197.7	31.2	-2.05	-8.78	83	6.73	-5.41
1996	3	361.11	27.5	1.33	-6.22	82.58	7.55	-2.44
1996	4	489.8	19.1	14.05	1.82	73.47	12.23	7.93
1996	5	571.69	106.2	22.02	10.15	78.94	11.86	16.09
1996	6	609.35	27.7	23.21	10.47	75.17	12.74	16.84
1996	7	517.98	70.5	22.75	11.43	79.23	11.31	17.09
1996	8	435.37	101.5	23.59	12.36	81.26	11.23	17.97
1996	9	209.72	140.1	13.64	7.5	88.47	6.14	10.57
1996	10	213.83	73	13.67	4.94	86.52	8.73	9.3
1996	11	126.74	26.7	9.98	4.06	85.13	5.92	7.02
1996	12	96.64	21.2	-2.47	-8.06	88	5.59	-5.27
1997	1	115.55	9.8	-2.39	-9	88.29	6.62	-5.7
1997	2	173.33	29.5	4.23	-1.97	81.39	6.2	1.13
1997	3	346.51	17.2	7.55	-1.67	78.71	9.23	2.94
1997	4	433.81	45.9	9.96	0.36	77	9.6	5.16
1997	5	552.88	63.8	20.17	9.25	76.16	10.91	14.71
1997	6	572.94	51.1	22.74	10.51	76.6	12.22	16.63
1997	7	495.59	176.6	22.93	12.89	84.52	10.05	17.91
1997	8	482.25	46	24	11.75	79.87	12.25	17.88
1997	9	330.88	66.9	18.38	8.37	82.23	10.02	13.38
1997	10	210.88	62.7	10.28	2.72	84.71	7.56	6.5
1997	11	104.12	45.5	6.54	1.19	88.6	5.36	3.87
1997	12	65.51	55.5	1.72	-2.73	88.87	4.45	-0.5
1998	1	112.08	37	3.83	-2.25	86.48	6.08	0.79
1998	2	158.09	39.3	7.1	-1.04	82.14	8.13	3.03
1998	3	305.67	37.9	5.49	-2.42	78.68	7.91	1.54
1998	4	421.78	109.8	15.98	5.96	75.83	10.02	10.97
1998	5	582.21	61.5	19.86	7.86	75.19	12	13.86
1998	6	558.84	112.8	23.73	12.91	78.8	10.82	18.32
1998	7	488.5	129.3	23.78	13.61	79.77	10.17	18.7
1998	8	499.55	40	23.06	11.81	79	11.25	17.44
1998	9	305.32	29.8	18.6	8.55	83.67	10.05	13.57
1998	10	186.98	70.2	11.91	5.22	84.48	6.69	8.57
1998	11	117.27	35.9	1.86	-3.69	87.7	5.55	-0.92
1998	12	94.93	29.1	-0.6	-6.14	85.03	5.54	-3.37
1999	1	114.88	23	2.68	-3.27	87.26	5.95	-0.3
1999	2	148.51	51.4	1.21	-3.69	86.96	4.9	-1.24
1999	3	336.08	15.7	9.74	0.72	77.23	9.02	5.23
1999	4	436.11	83.8	15.6	4.43	76.23	11.18	10.02
1999	5	607.98	76.4	18.89	5.67	72.1	13.23	12.28
1999	6	488.25	117.2	23.98	13.03	81.43	10.95	18.51
1999	7	534.68	93.4	26.13	14.13	75.84	12	20.13
1999	8	473.62	85.7	22.95	11.51	79.77	11.44	17.23
1999	9	402.99	49.3	21.9	9.82	77.13	12.07	15.86
1999	10	177.02	69.8	12.22	5.15	84.52	7.07	8.69
1999	11	118.72	61.5	4.9	-0.83	88.5	5.73	2.04
1999	12	87.48	36.4	2.39	-2.92	84.58	5.31	-0.27
2000	1	99.42	36.7	-0.31	-6.15	87.48	5.85	-3.23
2000	2	182.19	45.6	4.67	-1.33	83.69	6	1.67
2000	3	295.38	61.1	7.49	0.29	81.55	7.2	3.89
2000	4	503.67	53.9	18.2	5.53	71.1	12.67	11.86
2000	5	647.49	74.1	22.39	7.53	65.77	14.86	14.96
2000	6	654.99	82.7	23.4	10.6	69.97	12.8	17
2000	7	490.95	163.7	22.45	12.51	81.39	9.94	17.48
2000	8	537.48	38.2	25.04	12.64	77.23	12.41	18.84
2000	9	333.94	34.8	17.48	6.41	80.83	11.06	11.95
2000	10	281.17	5.6	18.03	6.15	78.74	11.88	12.09
2000	11	129.34	23.2	12.16	3.97	86.63	8.18	8.07
2000	12	77.97	35	5.02	-0.59	88.94	5.61	2.21
2001	1	108.47	57.2	2.29	-3.59	88.06	5.88	-0.65
2001	2	172.07	20.1	3.52	-4.38	83.36	7.9	-0.43
2001	3	285.14	67.3	8.04	0.19	81.19	7.84	4.11
2001	4	413.62	69.9	14.22	3.79	77.67	10.43	9.01
2001	5	642.05	61.3	20.73	7.82	67.9	12.91	14.27
2001	6	482.36	131.3	20.05	10.59	79	9.46	15.32
2001	7	511.58	123.1	25.8	14.87	81.13	10.93	20.34
2001	8	535.16	69.1	25.71	13.21	77.9	12.5	19.46
2001	9	274.74	128	16.7	9	87.13	7.71	12.85
2001	10	220.72	17.9	16.07	6.87	85.61	9.2	11.47
2001	11	100.66	47	4.81	-0.93	86.03	5.74	1.94
2001	12	81.57	22.7	-2.88	-9.27	87.29	6.39	-6.08
2002	1	100.91	26.8	1.03	-4.73	86.29	5.75	-1.85
2002	2	180.83	28.4	8.24	0.23	80.82	8.01	4.24
2002	3	362.76	23.6	10.77	0.24	73.84	10.54	5.51
2002	4	457.33	29.9	13.98	3.02	73.37	10.96	8.5
2002	5	616.36	86.2	23.33	9.9	70.45	13.43	16.62
2002	6	571.81	118.9	23.34	11.68	75.6	11.66	17.51
2002	7	593.01	80.5	26.97	14.82	73.35	12.15	20.89
2002	8	514.8	56.9	25.96	13.42	75.55	12.54	19.69
2002	9	296.78	60.3	18.05	8.11	80.03	9.94	13.08
2002	10	179.77	82.8	11.69	4.2	84.58	7.49	7.94
2002	11	113.85	28	8.97	2.47	86	6.5	5.72
2002	12	89.1	21.4	-2.56	-9.28	86.84	6.72	-5.92
2003	1	104.3	38.6	-0.43	-6.53	87	6.1	-3.48
2003	2	193	30.6	-1.78	-10.94	84.04	9.17	-6.36
2003	3	317.77	15.8	6.44	-2.45	77.35	8.89	1.99
2003	4	501.43	50.6	12.92	1.61	68.63	11.3	7.27
2003	5	569.33	96.1	22.84	10.05	71.77	12.79	16.44
2003	6	666.66	51.5	24.3	11.1	67.5	13.2	17.7
2003	7	533.99	70.9	25.44	14.03	76	11.42	19.73
2003	8	575.46	22.7	26.35	12.17	67.13	14.18	19.26
2003	9	378.39	44.1	20.63	7.03	74.63	13.6	13.83
2003	10	189.06	74.4	9.94	2.61	84	7.32	6.27
2003	11	122.4	19.8	9.64	2.43	87.63	7.2	6.04
2003	12	90.99	30.2	3.81	-2.22	85.45	6.02	0.8
2004	1	111.76	24	-2.09	-8.19	86.13	6.1	-5.14
2004	2	157.95	73.2	2.52	-3.63	83.38	6.15	-0.56
2004	3	323.36	38.3	7.51	-0.71	79.32	8.22	3.4
2004	4	497.49	48.7	14.69	2.71	68.77	11.99	8.7
2004	5	562.79	47.5	17.84	6.86	74.03	10.98	12.35
2004	6	609.05	70	22.44	9.89	71.4	12.55	16.17
2004	7	574.87	184.5	24.07	12.81	76.52	11.26	18.44
2004	8	507.1	127.7	24.1	12.77	75.84	11.33	18.43
2004	9	354.79	22.3	18.73	7.74	76.83	10.99	13.23
2004	10	234.03	60.8	15.65	6.26	82.39	9.39	10.95
2004	11	97.49	73.9	6.77	1.33	87.67	5.44	4.05
2004	12	75.56	9	3.62	-1.37	88	4.99	1.13
2005	1	105.6	50.4	2.09	-3.32	83.94	5.41	-0.62
2005	2	191.6	33.8	-0.11	-7.55	83.75	7.44	-3.83
2005	3	355.18	42.7	5.11	-4.35	76.52	9.45	0.38
2005	4	458.54	55.2	15.04	3.36	68.7	11.68	9.2
2005	5	566.46	97	19.78	7.86	72.81	11.93	13.82
2005	6	595.67	123.8	21.76	10.27	71.2	11.49	16.02
2005	7	592.65	92.8	25.76	13.19	72.16	12.57	19.47
2005	8	436.37	113.1	23.17	12.31	76.55	10.86	17.74
2005	9	392.04	54.3	21.74	7.92	76.97	13.82	14.83
2005	10	257.12	8.4	14.8	4.08	81.35	10.72	9.44
2005	11	121.01	17.1	7.27	-0.8	87.13	8.07	3.24
2005	12	64.36	60	1.83	-2.82	89.84	4.64	-0.5
2006	1	124.08	25.9	-2.87	-11.79	85.45	8.92	-7.33
2006	2	181.52	31.9	0.06	-7.01	86.96	7.07	-3.48
2006	3	276.38	66.2	3.84	-3.84	82.52	7.67	0
2006	4	465	32.3	15.45	3.6	72.2	11.85	9.52
2006	5	533.6	102.6	19.25	7.83	69.52	11.42	13.54
2006	6	617.74	86.3	22.57	10.53	71.97	12.05	16.55
2006	7	690.96	27.6	28.3	12.65	62.71	15.65	20.48
2006	8	461.13	127.5	23.57	13.13	80.23	10.44	18.35
2006	9	395.87	20.9	22.27	8.92	77.43	13.35	15.6
2006	10	252.66	24.3	16.88	5.14	80.94	11.74	11.01
2006	11	105.84	63.6	9.48	2.53	87.47	6.95	6.01
2006	12	82.22	24.3	5.57	0.17	87.45	5.4	2.87
2007	1	87.97	74.7	5.97	0.01	83.42	5.95	2.99
2007	2	140.63	41.8	3.85	-2.4	84.82	6.25	0.72
2007	3	311.84	36.9	12.2	1.64	74.52	10.56	6.92
2007	4	509.25	28.9	15.35	1.98	61.83	13.37	8.67
2007	5	589.9	30.2	22.27	9.23	69.1	13.04	15.75
2007	6	614.38	67.4	24.95	12.31	72.8	12.64	18.63
2007	7	586.84	92.1	26.17	13.54	71.61	12.63	19.85
2007	8	468.82	69.4	24.98	13.15	77.19	11.84	19.06
2007	9	327.26	146	18.43	7.66	81.73	10.77	13.05
2007	10	202.55	33.6	12.74	3.75	85.45	8.99	8.25
2007	11	117.85	54.8	4.74	-1.62	88.4	6.37	1.56
2007	12	78.78	13.2	1.07	-3.93	90	5	-1.43
2008	1	103.2	36	3.47	-2.18	84.94	5.65	0.65
2008	2	170.69	18.5	6.3	-1.42	80.31	7.72	2.44
2008	3	336.46	53.3	8.68	0.23	75.84	8.45	4.46
2008	4	418.69	52.9	14.54	4	75.87	10.53	9.27
2008	5	559.86	115	19.15	7.81	75.48	11.34	13.48
2008	6	624.04	57.6	23.95	11.1	68.33	12.85	17.53
2008	7	552.16	139.3	24.49	12.91	74.9	11.58	18.7
2008	8	521.12	60.8	25.33	12.75	74.74	12.58	19.04
2008	9	274.6	123.3	17.54	8.67	83.93	8.87	13.11
2008	10	208.12	57.7	15.23	6.37	84.23	8.86	10.8
2008	11	118.43	24.6	9	2.01	86.1	6.99	5.51
2008	12	82.08	48.7	3.97	-1.36	86.74	5.33	1.3
2009	1	96.07	26.7	0.51	-5.59	87.45	6.1	-2.54
2009	2	175.41	39.2	2.4	-4.24	88.14	6.63	-0.92
2009	3	276.52	88.2	5.79	-0.71	84.26	6.5	2.54
2009	4	584.87	7.2	18.44	2.74	62.37	15.7	10.59
2009	5	604.17	84	19.98	6.65	70.03	13.33	13.31
2009	6	546.83	140.3	22.31	11.29	78.87	11.03	16.8
2009	7	624.43	72.3	26.29	13.71	74.13	12.58	20
2009	8	541.62	40.8	25.19	11.94	73.84	13.25	18.57
2009	9	393.38	33.9	21.81	8.75	78.5	13.06	15.28
2009	10	166.18	98	11.84	4.73	87.16	7.11	8.28
2009	11	105.11	56.9	9.49	2.45	87.47	7.04	5.97
2009	12	65.76	46.4	1.91	-3.24	87.71	5.15	-0.66
2010	1	114.51	39.2	-3.98	-9.85	87.58	5.87	-6.92
2010	2	196.38	53.2	1.61	-5.51	86.39	7.13	-1.95
2010	3	365.03	24.3	8.25	-1.59	75.32	9.85	3.33
2010	4	459.18	49.6	15.12	3.48	72	11.64	9.3
2010	5	454.62	186.4	19.2	10.15	83.55	9.05	14.68
2010	6	522.6	97	22.94	12.54	75.6	10.4	17.74
2010	7	554.14	181.3	26.63	14.74	75.32	11.88	20.68
2010	8	519.2	121.7	25.81	14.22	78.65	11.6	20.01
2010	9	280.33	117.8	17.17	8.42	85.37	8.75	12.79
2010	10	236.52	18.4	10.74	1.39	80.9	9.35	6.07
2010	11	119.39	39.5	11.31	3.95	85.13	7.36	7.63
2010	12	82.02	49.3	-1	-7.43	88.61	6.43	-4.21
2011	1	97.26	38.4	1.97	-3.13	89.45	5.1	-0.58
2011	2	170.57	26.3	-0.38	-6.83	80.75	6.45	-3.61
2011	3	370	17.9	8.65	-2.4	71.9	11.05	3.12
2011	4	501.81	39.2	16.74	3.85	67.77	12.89	10.3
2011	5	605.93	40.5	20.84	6.63	70.65	14.22	13.73
2011	6	591.88	78.7	24.15	12.34	72.7	11.82	18.25
2011	7	469.02	231.3	23.87	14.11	82.06	9.76	18.99
2011	8	546.99	37	25.35	13.33	76.42	12.02	19.34
2011	9	397.72	12.3	22.4	9.09	78	13.31	15.75
2011	10	228.83	29.1	13.38	3.29	82.1	10.08	8.34
2011	11	135.59	0.8	6.79	-1.73	86.07	8.52	2.53
2011	12	72.54	30	4.79	-0.45	87.32	5.24	2.17
2012	1	109.08	43.1	0.71	-4.46	86.03	5.17	-1.87
2012	2	198.42	25.3	-4.03	-12.49	80.93	8.46	-8.26
2012	3	342.41	31.7	9.94	-0.25	73.13	10.2	4.84
2012	4	461.42	30.5	15.7	4.41	70.3	11.29	10.05
2012	5	562.94	72	21.19	8.48	69.77	12.7	14.84
2012	6	533.16	143.8	23.47	12.76	77.8	10.71	18.12
2012	7	636.32	63.4	27.63	14.81	73.32	12.82	21.22
2012	8	514.42	59.2	25.27	12.86	75.48	12.41	19.07
2012	9	364.34	31.6	21.32	9.26	78.67	12.06	15.29
2012	10	201.64	82.2	14.06	4.56	85.23	9.5	9.31
2012	11	107.31	20.3	9.46	3.06	87.4	6.4	6.26
2012	12	87.75	32.4	0.07	-5.99	87.39	6.07	-2.96
2013	1	95.35	71.5	-0.35	-5.38	87.55	5.03	-2.86
2013	2	150.39	21.5	1.96	-2.6	87.57	4.56	-0.32
2013	3	288.62	77.1	2.79	-4.6	78.58	7.39	-0.91
2013	4	466	38.4	14.96	3.88	73.23	11.08	9.42
2013	5	546.22	102.2	20.88	9.67	75.65	11.21	15.28
2013	6	544.33	131.2	23.89	13.44	79.6	10.45	18.67
2013	7	616.11	33.4	25.46	12.58	71.9	12.88	19.02
2013	8	534.88	15.2	26.25	11.79	69.77	14.46	19.02
2013	9	308.36	60.3	17.28	7.16	82.33	10.12	12.22
2013	10	244.89	13.5	16.27	5.76	81.1	10.51	11.02
2013	11	99.18	81.6	9.2	2.7	88.13	6.5	5.95
2013	12	92.75	15.1	4.9	-1.88	83.84	6.78	1.51
2014	1	97.35	40.7	1.98	-3.36	86.19	5.34	-0.69
2014	2	177.49	20.9	6.93	-1.63	80.68	8.55	2.65
2014	3	315.44	49.9	11.98	1.7	74.16	10.28	6.84
2014	4	456.32	36	16.1	4.59	75	11.51	10.35
2014	5	553.53	103.9	19.93	8.36	74.71	11.57	14.14
2014	6	614.7	55	22.53	10.17	72.77	12.36	16.35
2014	7	613.15	127.3	26.58	14.66	74.16	11.92	20.62
2014	8	482.09	65	23.83	13.2	77.55	10.63	18.51
2014	9	380.74	55.1	20.89	9.48	80.7	11.41	15.19
2014	10	244.61	35.3	14.96	5.5	84.45	9.46	10.23
2014	11	114.01	11.7	8.62	2.99	87.7	5.63	5.8
2014	12	77.94	28.3	3.37	-1.35	85.16	4.72	1.01
2015	1	86.37	36.7	3.64	-1.55	83.87	5.18	1.05
2015	2	168.13	11	4.94	-2.29	81.54	7.23	1.33
2015	3	346.31	42.5	10.43	-0.01	73.55	10.43	5.21
2015	4	504.13	28.9	14.61	2.96	67.9	11.65	8.79
2015	5	472.91	97.6	18.72	7.67	72.58	11.04	13.2
2015	6	612.24	20.8	23.69	11.46	69.1	12.24	17.58
2015	7	640.62	76.9	27.07	13.42	67.45	13.65	20.24
2015	8	610.65	14.7	29.65	13.79	60.39	15.86	21.72
2015	9	323.82	64.9	21.07	11.2	76.93	9.87	16.13
2015	10	227.79	45.4	12.6	3.25	80.87	9.35	7.93
2015	11	113.46	62.6	9.18	2.02	85	7.16	5.6
2015	12	77.34	14.7	6.76	0.39	85.65	6.36	3.58
2016	1	105.77	38.6	0.07	-6.44	85.71	6.52	-3.18
2016	2	158.16	67.7	7.73	1.19	82.62	6.55	4.46
2016	3	291.58	41.7	8.78	1.06	78.65	7.72	4.92
2016	4	428.68	62.7	15.63	5.02	71.97	10.61	10.32
2016	5	640.08	47.8	20.71	7.76	71.61	12.95	14.23
2016	6	616.81	57.2	25.26	12.51	69.37	12.74	18.89
2016	7	578.44	102.8	25.87	13.45	72.19	12.43	19.66
2016	8	506.91	55.1	24.95	11.91	73.16	13.04	18.43
2016	9	359.95	49.2	22.44	9.65	76.13	12.79	16.05
2016	10	160.63	116.5	11.31	4.41	85.97	6.9	7.86
2016	11	102.03	48.9	6.5	0.72	85.77	5.78	3.61
2016	12	71.45	58.8	2.23	-3.41	88.1	5.64	-0.59
2017	1	124.87	19.9	-1.97	-10.09	84.77	8.12	-6.03
2017	2	172.63	28.8	3.5	-3.28	81.54	6.78	0.11
2017	3	279.49	36.9	11.23	1.85	76.42	9.38	6.54
2017	4	427.79	52.6	13.66	3.03	71.67	10.63	8.34
2017	5	578.44	54.1	19.59	8.2	73.19	11.39	13.9
2017	6	629.17	50.1	24.95	12.38	68.63	12.57	18.67
2017	7	590.19	66.7	25.7	12.5	74.03	13.2	19.1
2017	8	547.3	42.5	27.13	13.2	72.68	13.93	20.17
2017	9	293.63	105.9	18.81	10.21	83.03	8.6	14.51
2017	10	195.88	73.4	13.9	6.11	84.84	7.79	10
2017	11	105.37	44.9	7.3	1.5	87.37	5.8	4.4
2017	12	72.89	58.4	4.69	-0.41	86.13	5.11	2.14
2018	1	108.1	20.3	3.38	-2.01	84.74	5.39	0.69
2018	2	174.44	34.2	-0.79	-6.43	83.25	5.63	-3.61
2018	3	328.22	43.3	5.18	-4.53	76	9.71	0.33
2018	4	538.43	17.9	21.09	6.17	64.8	14.91	13.63
2018	5	652.44	57.1	23.44	9.57	66.71	13.87	16.5
2018	6	584.42	83	24.7	12.65	70.3	12.05	18.68
2018	7	522.24	103.1	25.78	14.79	74.42	10.99	20.29
2018	8	544.66	50.1	26.74	14.12	73.84	12.61	20.43
2018	9	383.46	41.9	21.94	9.54	75.37	12.4	15.74
2018	10	249.36	42.3	16.66	5.07	78.77	11.59	10.87
2018	11	128.69	17.7	8.8	1.2	85.7	7.6	5
2018	12	65.48	52.6	2.82	-1.55	89.03	4.36	0.64
2019	1	97.39	52	-0.05	-5.49	86.74	5.45	-2.77
2019	2	176.86	19.6	7.34	-1	77.75	8.34	3.17
2019	3	337.48	24.5	11.07	0.56	72.55	10.51	5.81
2019	4	462.07	57.7	16.15	3.86	63.17	12.29	10
2019	5	436.94	139.7	18.1	8.9	78.16	9.2	13.5
2019	6	676.21	39.6	27.84	14.44	67.07	13.4	21.14
2019	7	622.53	49.8	25.55	11.98	67.19	13.58	18.77
2019	8	540.12	98.1	26.95	13.55	73.1	13.4	20.25
2019	9	380.66	49.4	20.84	8.58	77.37	12.26	14.71
2019	10	263.16	42.4	17.55	5.39	81.55	12.16	11.47
2019	11	118.14	67.8	10.8	3.32	86.93	7.48	7.06
2019	12	77.52	61.9	5.92	0.1	85.55	5.82	3.01
