yyyy	mm	SLR	PCP	MAX	MIN	HMD	DIF	TAS
1990	1	56.48	44.1	4.6	0.94	85.9	3.66	2.77
1990	2	141.7	32.7	8.89	2.26	79.14	6.63	5.58
1990	3	256.93	55.8	10.36	2.7	75.74	7.66	6.53
1990	4	437.95	30.1	13.09	2.67	73.7	10.42	7.88
1990	5	647.72	35.8	18.77	6.44	71.35	12.33	12.61
1990	6	517.64	50.3	20.6	11.02	78.9	9.58	15.81
1990	7	538.97	59.4	20.82	11.4	76.65	9.42	16.11
1990	8	511.76	59.2	22.85	11.8	75.9	11.05	17.33
1990	9	252.12	111	14.85	7.91	83.7	6.94	11.38
1990	10	200.44	21.6	13.73	5.69	81.74	8.04	9.71
1990	11	65.9	64.6	6.44	2.03	91.17	4.4	4.24
1990	12	54.79	38.8	2.33	-1.9	87.48	4.23	0.22
1991	1	70.32	26.4	4.24	-1.47	82.97	5.71	1.38
1991	2	142.56	22.9	0.21	-5.98	82.29	6.19	-2.88
1991	3	279.09	33.1	8.85	0.83	81.97	8.01	4.84
1991	4	421.03	45.7	11.98	2.48	76.8	9.5	7.23
1991	5	488.3	68	12.82	4.9	78.9	7.92	8.86
1991	6	522.17	122.7	18.35	9.18	76.67	9.16	13.77
1991	7	610.32	29.7	23.69	12.68	75.06	11.01	18.18
1991	8	443.08	82.7	22.3	12.89	79.06	9.41	17.59
1991	9	324.41	38	19.01	8.83	79.13	10.17	13.92
1991	10	205.13	34.9	12.36	4.74	82.94	7.63	8.55
1991	11	78.33	50.9	5.88	1.53	88.97	4.35	3.71
1991	12	52.14	69.8	3.26	-1.86	87.94	5.12	0.7
1992	1	72.36	29.2	2.88	-2.29	86.9	5.17	0.29
1992	2	114.74	48.8	5.03	-0.03	87.48	5.06	2.5
1992	3	271.14	96.6	7.46	0.33	81.77	7.13	3.89
1992	4	421.23	30.1	11.94	2.63	73.9	9.31	7.29
1992	5	607.65	37.7	18.65	6.8	70.61	11.84	12.72
1992	6	663.26	28.4	23.66	10.74	65.87	12.93	17.2
1992	7	624.8	28.1	25.42	12.52	67.39	12.9	18.97
1992	8	453.96	92.7	24.77	13.13	74.74	11.65	18.95
1992	9	328	27	17.41	8.18	80.6	9.23	12.8
1992	10	166.28	31.4	9.06	1.44	84.77	7.62	5.25
1992	11	77.5	69.7	5.98	1.34	88.53	4.64	3.66
1992	12	53.64	35.1	2.39	-1.88	90.16	4.27	0.26
1993	1	81.9	73.8	3.89	-2.05	82.42	5.93	0.92
1993	2	126.49	48.2	1.93	-2.2	88.25	4.12	-0.14
1993	3	290.67	36.3	6.1	-0.87	81.52	6.98	2.61
1993	4	455.46	21.3	13.82	3.21	71.43	10.61	8.52
1993	5	619.79	42.9	21.72	9.24	69.97	12.48	15.48
1993	6	561.52	97.7	19.03	9.52	77.17	9.51	14.27
1993	7	516.06	156.4	20.66	11.33	80.74	9.33	16
1993	8	437.96	68.9	20.18	10.82	78.81	9.35	15.5
1993	9	252.36	96.3	15.11	8.17	85.4	6.94	11.64
1993	10	189.55	25.2	11.77	4.23	84.03	7.54	8
1993	11	85.23	32.1	2.01	-2.46	88.17	4.47	-0.22
1993	12	49.77	113.5	3.48	-0.71	88	4.18	1.39
1994	1	54.38	120	3.65	-0.05	85.1	3.71	1.8
1994	2	146.35	14.6	0.29	-5.01	78.82	5.3	-2.36
1994	3	259.17	102.6	7.09	0.72	81.61	6.37	3.91
1994	4	450.17	23.3	13.28	3.14	76.17	10.14	8.21
1994	5	516.19	50.8	15.95	5.86	74	10.09	10.91
1994	6	578.48	32.9	19.29	9.1	74.43	10.2	14.2
1994	7	714.89	7.8	27.84	13.58	65.32	14.26	20.71
1994	8	475.61	35.8	23.29	12.22	74.87	11.07	17.75
1994	9	240.49	58	16.76	9.92	84.57	6.84	13.34
1994	10	197.19	37	10.91	2.86	82.77	8.05	6.88
1994	11	90.59	49.4	7.84	2.03	86.03	5.81	4.93
1994	12	50.71	98.9	4.49	0	89.16	4.5	2.25
1995	1	71.32	76.6	1.74	-2.75	85.68	4.49	-0.51
1995	2	124.4	61.3	6.44	0.45	82.82	5.99	3.45
1995	3	294.56	63.8	6.24	-0.81	79.26	7.05	2.72
1995	4	402.42	41.1	11.4	2.62	75	8.78	7.01
1995	5	593.53	75.6	16.49	5.78	72.19	10.71	11.14
1995	6	523.06	96.5	19.21	10.39	80.1	8.82	14.8
1995	7	646.82	58.3	25.12	13.63	72.23	11.49	19.37
1995	8	532.73	78.5	24.14	11.85	70.61	12.28	17.99
1995	9	245.53	85.1	16.2	9.09	85.27	7.1	12.65
1995	10	192.62	23.6	15.11	6.77	85.74	8.34	10.94
1995	11	93.88	50.7	4.31	-1.46	87.37	5.77	1.43
1995	12	66.64	30.8	-1.64	-7.53	86.87	5.89	-4.58
1996	1	77.67	1.6	-2.23	-6.51	86.84	4.28	-4.37
1996	2	150.33	34.9	-1.12	-7.66	83.17	6.53	-4.39
1996	3	310.45	11.8	2.11	-3.77	80.71	5.88	-0.83
1996	4	512.2	18.5	13.62	1.57	70.83	12.05	7.6
1996	5	470.85	94.4	15.13	6.49	80.32	8.65	10.81
1996	6	547.62	60.6	19.79	9.9	74.83	9.89	14.85
1996	7	479.44	153.8	19.17	10.24	78.58	8.93	14.71
1996	8	488.53	108.2	23.03	12.38	77.84	10.65	17.7
1996	9	288.29	53	14.28	6.13	84.43	8.15	10.2
1996	10	179.06	55.7	12.97	5.44	87.29	7.54	9.2
1996	11	70	49	6.46	2.09	87.2	4.37	4.27
1996	12	59.94	15.8	-1.44	-5.94	88.32	4.5	-3.69
1997	1	77.95	2.4	-0.75	-6.4	88.71	5.66	-3.57
1997	2	129.7	72.5	5.37	-0.29	81.79	5.65	2.54
1997	3	307.54	43	7.71	-0.22	76.94	7.93	3.74
1997	4	447.59	40.1	9.06	0.9	71.9	8.16	4.98
1997	5	568.6	56.7	16.41	6.35	73.9	10.05	11.38
1997	6	616.61	48.5	20.4	10.11	73.2	10.29	15.26
1997	7	550.1	113.2	21.44	11.99	79.55	9.45	16.72
1997	8	539.44	34.9	25.6	13.53	73.77	12.08	19.56
1997	9	291.95	52.6	18.33	9.07	80.03	9.26	13.7
1997	10	162.74	75	10.43	4.06	84.23	6.36	7.25
1997	11	78.81	15.2	4.67	-0.18	88.67	4.85	2.25
1997	12	47.06	51.9	2.86	-1.17	89.35	4.03	0.85
1998	1	72.31	69.3	4.41	-0.66	87.13	5.07	1.87
1998	2	100.82	68.7	6.89	1.55	83.14	5.34	4.22
1998	3	310.38	82.6	6.94	-1	77.94	7.93	2.97
1998	4	372.42	57.9	13.32	4.32	77.63	9	8.82
1998	5	604.58	60.2	18.73	7.89	72.1	10.84	13.31
1998	6	554.91	52.6	20.7	10.93	75.4	9.77	15.82
1998	7	520.9	84.4	20.66	11.44	77.19	9.22	16.05
1998	8	401.57	92.5	20	11.15	78.55	8.85	15.58
1998	9	283.16	55.1	17.7	9.16	84.37	8.54	13.43
1998	10	153.02	75.9	11.35	4.87	84.1	6.48	8.11
1998	11	80.66	56.6	2.21	-2.17	90.03	4.38	0.02
1998	12	59.85	82.9	2.09	-3.45	88.23	5.54	-0.68
1999	1	74.51	41	4.25	-0.95	87.42	5.2	1.65
1999	2	139.12	65.4	2.57	-2.98	87.25	5.55	-0.2
1999	3	275.09	65.3	8.34	0.77	81.77	7.57	4.55
1999	4	410.44	74	13.38	3.82	79.1	9.56	8.6
1999	5	602.46	72.9	17.67	6.32	70.74	11.35	12
1999	6	530.13	65.1	20.67	10.34	76.63	10.33	15.5
1999	7	605.35	41.8	24.43	13.51	71.13	10.92	18.97
1999	8	481.93	82.9	22.39	11.52	74	10.87	16.95
1999	9	371.99	50.8	21.81	10.67	77.7	11.14	16.24
1999	10	164.29	54.2	12.17	5.08	84.81	7.09	8.63
1999	11	88.35	36	5.81	0.44	89.03	5.37	3.12
1999	12	53.84	103.2	3.62	-0.73	87.06	4.35	1.44
2000	1	73	56.1	2.75	-2.15	87.1	4.9	0.3
2000	2	128.11	64.9	5.98	0.18	84.38	5.8	3.08
2000	3	223.78	84.3	7.23	0.51	82.13	6.72	3.87
2000	4	480.94	20.2	16.28	4.81	73.53	11.47	10.55
2000	5	660.66	20.1	20.57	7.09	65.03	13.47	13.83
2000	6	595.75	65.9	21.71	10.33	69.23	11.38	16.02
2000	7	410.94	100.2	18.85	11.54	82.23	7.31	15.19
2000	8	480.66	50	21.62	11.43	77.97	10.19	16.52
2000	9	288.83	52.4	17.07	8.2	81.47	8.87	12.64
2000	10	162.8	23.3	15.1	8.46	84.26	6.64	11.78
2000	11	88.41	53.2	8.69	3.62	87.77	5.07	6.15
2000	12	57.11	39.7	4.28	0.48	90.35	3.79	2.38
2001	1	66.48	32.4	2.05	-1.92	89.55	3.97	0.07
2001	2	142.35	45	3.6	-3.11	84.18	6.72	0.24
2001	3	268.64	45	5.63	-1.83	82.03	7.46	1.9
2001	4	399.11	60.6	11.59	2.82	79.77	8.77	7.2
2001	5	614.37	27	18.24	7.06	70.87	11.17	12.65
2001	6	531.37	106.9	18.41	9.5	79.2	8.92	13.96
2001	7	575.29	56.5	23.89	13.63	75.68	10.25	18.76
2001	8	452.35	80.1	23.59	13.42	78.9	10.18	18.5
2001	9	230	140.5	15.57	8.92	88.2	6.64	12.25
2001	10	168.24	29.4	15.1	8.25	86.26	6.85	11.68
2001	11	82.36	61.8	6.06	0.76	86.33	5.31	3.41
2001	12	54.84	90	1.5	-3.22	88.81	4.71	-0.86
2002	1	68.76	85.8	3.58	-1.67	86.77	5.25	0.96
2002	2	130.13	97.7	7.25	0.99	82.18	6.26	4.12
2002	3	296.05	60.2	7.92	1.01	78.9	6.91	4.46
2002	4	413.21	27.8	12.58	2.94	75.9	9.64	7.76
2002	5	529.29	53	20.22	9.36	75.61	10.86	14.79
2002	6	565.52	72.2	21.38	11.69	73.53	9.69	16.53
2002	7	527.42	41.5	24.45	13.93	73.84	10.52	19.19
2002	8	486.88	91.4	25.73	14.84	77.16	10.89	20.28
2002	9	333.57	45.2	19.14	8.9	79.33	10.24	14.02
2002	10	166.43	113.5	10.5	3.81	85.32	6.69	7.15
2002	11	77.32	38	5.75	0.77	88.47	4.98	3.26
2002	12	59.33	14.1	-0.91	-6.34	85.9	5.43	-3.63
2003	1	62.13	50.6	1	-4.15	87.77	5.15	-1.58
2003	2	168.67	10.1	0.68	-7.25	82.5	7.93	-3.29
2003	3	342.95	22.6	7.26	-2.11	77.39	9.37	2.57
2003	4	481.9	32.9	12.23	1.67	68.7	10.56	6.95
2003	5	630.19	37.5	19.74	7.85	69.74	11.89	13.8
2003	6	660.57	45.3	22.84	11.57	66.97	11.27	17.21
2003	7	535.4	113.7	23.57	13.83	76.61	9.75	18.7
2003	8	495.79	24.6	23.32	12.62	72.29	10.7	17.97
2003	9	343.83	47	19.42	8.7	76.33	10.72	14.06
2003	10	197.46	51.6	9.66	1.8	83.58	7.86	5.73
2003	11	85	30.3	7.82	2.85	88.9	4.97	5.33
2003	12	51.3	73.8	4.49	-0.17	85.77	4.67	2.16
2004	1	81.8	67.2	-1.32	-6.65	86.32	5.33	-3.99
2004	2	146.38	65.3	4.02	-1.54	83.34	5.57	1.24
2004	3	266.87	44	7.35	0.62	79.23	6.74	3.99
2004	4	465.03	26.4	13.65	3.02	70.97	10.64	8.34
2004	5	558.68	61	16.43	6.68	73.61	9.74	11.55
2004	6	532.71	67.5	19.03	9.56	73.4	9.47	14.3
2004	7	564.91	65.2	21.18	11.67	76.71	9.5	16.43
2004	8	499.71	58.3	23.67	13.22	74.42	10.45	18.44
2004	9	325.61	34.8	18.41	8.64	76.4	9.77	13.52
2004	10	178.99	54.4	13.08	6.17	82.97	6.91	9.63
2004	11	87.07	73.1	6.52	1.04	87.5	5.47	3.78
2004	12	44.01	60.6	4.03	0.25	88.74	3.78	2.14
2005	1	78.08	78.9	4.29	-0.62	84.81	4.9	1.84
2005	2	143.67	56.6	1.04	-3.83	84.5	4.86	-1.39
2005	3	323.56	44.1	5.25	-2.78	79.03	8.04	1.24
2005	4	512.21	19.5	13.8	2.02	68.67	11.78	7.91
2005	5	544.67	75.9	17.41	7.28	73.81	10.13	12.35
2005	6	603.66	49.1	19.93	9.56	70.53	10.37	14.74
2005	7	562.95	85.6	23.91	13.37	73.16	10.54	18.64
2005	8	478.71	59.3	21.17	11.06	76.45	10.11	16.12
2005	9	338.4	40.4	20.7	10.08	77.53	10.62	15.39
2005	10	224.04	21	15.03	5.75	81.06	9.28	10.39
2005	11	87.72	40	6.6	1.65	88.2	4.95	4.12
2005	12	50.16	97.1	2.49	-1.52	90.45	4.01	0.48
2006	1	89.26	16.6	-2.42	-8.27	86.13	5.85	-5.35
2006	2	125.64	41.1	1.07	-3.37	87.71	4.44	-1.15
2006	3	287.25	39.2	3.44	-3.5	82.29	6.94	-0.03
2006	4	442.99	31.6	12.28	3.36	75.6	8.92	7.82
2006	5	597.25	75	17.43	7.08	70.32	10.35	12.25
2006	6	630.51	38.5	22.05	10.99	70.8	11.06	16.52
2006	7	702.92	5.5	28.07	14.89	62	13.17	21.48
2006	8	410.68	145.2	21.15	13.17	81.52	7.98	17.16
2006	9	376.96	32.9	21.7	11.6	77.3	10.09	16.65
2006	10	183.87	32.2	15.48	7.61	83.06	7.88	11.55
2006	11	85.14	78.4	9.33	3.9	87.6	5.42	6.62
2006	12	50.83	45.5	7.15	3.02	87.58	4.14	5.09
2007	1	63.81	123.1	6.5	1.51	83.81	4.99	4.01
2007	2	123.25	42.1	3.07	-1.68	86.93	4.74	0.7
2007	3	294.01	59.2	10.73	2.15	78.39	8.58	6.44
2007	4	511.52	13.6	15.24	3.51	66.2	11.74	9.38
2007	5	580.3	110.3	19.87	8.43	72.77	11.44	14.15
2007	6	555.78	98.5	22.37	12.75	75.8	9.62	17.56
2007	7	524.48	156.8	21.9	13.28	77.81	8.62	17.59
2007	8	469.66	101.8	22.37	13.15	78.71	9.21	17.76
2007	9	280.2	69.1	16.87	9.09	82.1	7.78	12.98
2007	10	177.58	34.3	11.71	4.08	85.39	7.63	7.89
2007	11	86.95	99.3	5.38	0.65	89.2	4.73	3.01
2007	12	42.57	41.4	3.49	0.3	89.29	3.2	1.9
2008	1	68.15	71.4	4.29	0.01	87.23	4.28	2.15
2008	2	121.03	41.5	6.67	1.38	81.86	5.29	4.02
2008	3	282.19	86.5	7.09	0.57	82.16	6.52	3.83
2008	4	378.55	115.1	11.46	3.37	79.53	8.08	7.42
2008	5	673.61	11.3	18.92	6.3	68.65	12.62	12.61
2008	6	638.45	52.6	22.22	9.98	64.67	12.24	16.1
2008	7	641.56	52.2	23.51	12.41	71.32	11.1	17.96
2008	8	427.3	90.3	22.12	13.25	76.1	8.87	17.69
2008	9	296.27	49.5	16.91	8.95	82.5	7.96	12.93
2008	10	179.59	69	12.62	5.7	85.94	6.93	9.16
2008	11	81.21	80.5	7.23	2.75	89	4.48	4.99
2008	12	49.83	40.1	3.19	-0.65	90.94	3.85	1.27
2009	1	72.28	22.6	0.67	-4.55	89	5.23	-1.94
2009	2	136.13	51.5	1.29	-2.9	89.96	4.19	-0.8
2009	3	245.3	69.6	6.35	0.47	84.52	5.88	3.41
2009	4	594.27	17.1	17.33	3.9	64.67	13.43	10.62
2009	5	581.78	76.2	17.63	6.52	72.87	11.11	12.07
2009	6	545.48	99.2	19.03	9.9	78.3	9.13	14.46
2009	7	594.19	84.2	23.58	13.65	75.03	9.93	18.61
2009	8	533.97	31.9	23.83	12.97	71.19	10.86	18.4
2009	9	335.98	75.7	19.26	9.66	78.4	9.6	14.46
2009	10	161.48	105.4	10	4.35	87.61	5.65	7.18
2009	11	85.2	55.6	8.58	3.85	87.07	4.72	6.22
2009	12	54.21	30.8	1.27	-2.83	90.32	4.11	-0.78
2010	1	86.09	42.2	-3.83	-8.87	85.65	5.04	-6.35
2010	2	151.93	28.3	1.23	-3.59	86.68	4.82	-1.18
2010	3	273.91	53	7.09	-1.01	81.32	8.1	3.04
2010	4	495.19	14.7	13.23	2.39	72.03	10.85	7.81
2010	5	401.38	83.9	13.75	6.62	82.58	7.14	10.19
2010	6	636.72	44.7	20.99	9.56	72.37	11.44	15.28
2010	7	642.22	85.9	26.58	14.59	68.03	11.99	20.58
2010	8	406.81	171.9	22.09	14.22	81.1	7.87	18.15
2010	9	299.85	67.4	16.84	8.63	83.67	8.21	12.73
2010	10	204.44	42	10.95	3.03	81.9	7.93	6.99
2010	11	62.12	123.2	6.07	2.13	89.77	3.94	4.1
2010	12	57.71	87.6	-2.85	-8.76	90.94	5.91	-5.81
2011	1	68.67	40.5	1.96	-2.17	92.13	4.14	-0.11
2011	2	150.06	39.7	0.9	-4.98	79.57	5.88	-2.04
2011	3	332.39	25.1	8.01	-1.15	77.06	9.16	3.43
2011	4	483.39	17.4	16.08	5	68.93	11.08	10.54
2011	5	641.04	51.5	19.05	7.18	66.68	11.87	13.11
2011	6	629.84	57.9	22.53	11.17	70.43	11.36	16.85
2011	7	454.12	156.1	21.05	12.86	80.29	8.19	16.96
2011	8	485.2	75.5	22.1	13.32	78.74	8.78	17.71
2011	9	341.03	57.2	19.41	10.23	79.47	9.19	14.82
2011	10	204.45	34.4	13.38	5.79	84.68	7.59	9.59
2011	11	107.14	3.5	7.43	1.42	89.53	6.02	4.43
2011	12	47.63	99	5.21	1.3	88.06	3.91	3.26
2012	1	70.96	101.4	3.01	-1.33	84.84	4.34	0.84
2012	2	149.37	63.2	0.07	-6.84	83.28	6.91	-3.38
2012	3	308.63	18	9.62	1.4	80.06	8.21	5.51
2012	4	464.15	42.4	12.96	3.17	71.17	9.8	8.07
2012	5	626.47	26	19.36	7.75	66.94	11.61	13.55
2012	6	523.65	62.1	19.87	10.31	71.9	9.57	15.09
2012	7	553.95	110.1	22.49	13.41	76.61	9.08	17.95
2012	8	480.01	62.6	22.62	12.57	76.94	10.05	17.6
2012	9	329.61	38.2	18.82	9.68	79.17	9.14	14.25
2012	10	194.97	53.4	12.55	4.82	85.06	7.73	8.68
2012	11	79.48	64.3	7.24	2.9	90.4	4.33	5.07
2012	12	53.44	46.4	1.02	-3.91	89.94	4.93	-1.45
2013	1	72.19	90.7	0.79	-3.97	88.9	4.77	-1.59
2013	2	120.22	42	1.52	-1.85	89.93	3.38	-0.17
2013	3	348.71	31.6	2.25	-5.82	74.52	8.07	-1.78
2013	4	443	31	11.84	2.9	72.57	8.94	7.37
2013	5	570.41	57.2	19.38	8.43	73.13	10.95	13.9
2013	6	593.24	92.5	21.2	10.96	73.27	10.24	16.08
2013	7	637.35	63.7	23.81	13.08	73.48	10.73	18.44
2013	8	500.72	50.9	23.6	12.81	74.71	10.79	18.21
2013	9	300.7	45.6	16.72	8.04	82.5	8.68	12.38
2013	10	194.65	38.8	14.3	6.15	83.03	8.15	10.23
2013	11	62.88	46.1	7.32	2.77	89.43	4.56	5.05
2013	12	52.05	62.4	5.48	0.89	87.26	4.59	3.19
2014	1	71.77	41.3	0.67	-3.65	86.58	4.32	-1.49
2014	2	157.32	12.5	7.16	0.29	82.36	6.87	3.72
2014	3	295.86	43.1	10.76	1.9	78.97	8.86	6.33
2014	4	468.22	50	14.97	4.79	75.47	10.18	9.88
2014	5	569.28	82.7	17.22	7.75	74.45	9.47	12.48
2014	6	589.87	72.5	20.31	10.43	72.7	9.87	15.37
2014	7	659.2	45.5	26.52	14.8	70.74	11.72	20.66
2014	8	510.96	88.9	22.24	11.77	75.16	10.46	17
2014	9	347.51	57.5	19.64	10.45	81.1	9.18	15.05
2014	10	177.57	38.9	14.42	7.8	86.42	6.62	11.11
2014	11	79.14	12.5	8.06	3.76	89.53	4.3	5.91
2014	12	50.6	120.5	3.8	-0.84	88.94	4.64	1.48
2015	1	62.11	73.9	4.03	0.07	86.94	3.95	2.05
2015	2	155.48	11.4	4.37	-1.75	83.54	6.11	1.31
2015	3	280.94	64.6	9.08	1.17	75.48	7.91	5.13
2015	4	474.52	23	12.67	2.85	70.03	9.82	7.76
2015	5	565.22	48.1	16.73	6.31	70.26	10.42	11.52
2015	6	578.28	56.8	19.41	9.98	70.6	9.44	14.7
2015	7	592.28	89.8	22.91	12.91	68.19	10	17.91
2015	8	597.53	21.4	26.73	14.6	63.97	12.13	20.67
2015	9	345.13	58.5	18.8	9.79	78.03	9	14.3
2015	10	185.58	24.9	11.7	4.86	81.45	6.84	8.28
2015	11	69.55	74.3	8.75	3.87	87.53	4.88	6.31
2015	12	50.18	47.5	7.93	3.34	85.26	4.59	5.64
2016	1	71.16	39.3	0.56	-4.18	86.23	4.74	-1.81
2016	2	140.93	50.4	5.61	0.32	84	5.29	2.97
2016	3	244.11	26.4	7.11	0.35	82.29	6.76	3.73
2016	4	465.09	27.1	12.53	3.43	70.47	9.1	7.98
2016	5	643.81	49.6	20.12	8.91	68.84	11.21	14.51
2016	6	597.51	68.7	22.43	12.23	71.7	10.19	17.33
2016	7	562.91	122.9	22.95	13.55	74.52	9.39	18.25
2016	8	465.48	47.9	21.93	12.88	75.84	9.05	17.41
2016	9	380.65	11.4	21.54	10.98	75.13	10.57	16.26
2016	10	138.18	65.4	10.2	5.87	88.35	4.33	8.03
2016	11	87.26	59.1	6.04	0.82	87.63	5.22	3.43
2016	12	47.86	65.6	4.49	0.22	88.81	4.27	2.35
2017	1	76	50.8	0.69	-3.35	87.23	4.03	-1.33
2017	2	126.11	52	3.56	-1.61	81.07	5.18	0.98
2017	3	270.24	45.5	9.65	1.79	77.23	7.86	5.72
2017	4	405.67	62.8	10.57	3.03	76	7.55	6.8
2017	5	576.29	60.7	18.09	8.35	71.52	9.74	13.22
2017	6	549.87	171.8	20.85	12.36	72.07	8.49	16.61
2017	7	506.62	163.3	21.04	13.01	78.23	8.04	17.02
2017	8	483.38	91.5	22.58	13.6	75.55	8.98	18.09
2017	9	290.31	37.8	17.2	10.11	82.73	7.09	13.66
2017	10	169.5	148.8	13.61	8.14	85.58	5.47	10.87
2017	11	76.79	72.9	7.47	3.19	88.97	4.28	5.33
2017	12	47.13	70.1	4.52	0.57	88.16	3.95	2.55
2018	1	64.14	81.1	3.8	-0.06	86.74	3.86	1.87
2018	2	174.97	7.4	0.74	-5.1	80.54	5.83	-2.18
2018	3	270.31	43	3.9	-3.22	77.35	7.12	0.34
2018	4	492.05	42.2	17.01	5.92	71.5	11.09	11.47
2018	5	707.09	34.3	21.34	9.24	68.35	12.1	15.29
2018	6	644.02	35	22.79	12.26	68.7	10.53	17.53
2018	7	620.39	102.5	23.89	14.33	73.13	9.56	19.11
2018	8	543.23	18.8	25.7	14.8	67.74	10.9	20.25
2018	9	350.61	34.1	20.68	10.62	72.77	10.06	15.65
2018	10	213.72	40.9	15.38	5.97	77.9	9.42	10.68
2018	11	90.27	10.3	7.46	2.09	86.3	5.37	4.77
2018	12	40.12	84.2	4.73	1.22	89.42	3.51	2.97
2019	1	67.34	72.5	2.39	-1.8	86.45	4.19	0.29
2019	2	144.62	40.5	7.1	0.19	80.29	6.91	3.64
2019	3	250.05	58	9.5	2.16	80.48	7.34	5.83
2019	4	535.19	4.6	15.39	3.53	65.93	11.86	9.46
2019	5	527.98	55.5	16.2	6.54	74.71	9.66	11.37
2019	6	698	57.1	26.92	14.27	66.13	12.64	20.6
2019	7	592.85	44.6	23.29	13.01	67.74	10.28	18.15
2019	8	518.33	28.7	25.36	13.9	69.19	11.45	19.63
2019	9	282.67	107	18.28	10.17	77.67	8.11	14.22
2019	10	182.27	52.2	14.17	6.52	85.29	7.65	10.35
2019	11	73.9	52	8.2	3.43	89.63	4.77	5.81
2019	12	51.87	43.9	5.68	1.03	86.29	4.65	3.36
