yyyy	mm	SLR	PCP	MAX	MIN	HMD	DIF	TAS
1990	1	108.69	17.6	4.14	-2.55	83.03	6.69	0.79
1990	2	194.43	30.5	10.26	0.19	73.75	10.07	5.23
1990	3	320.11	25.1	12.01	1.89	73.32	10.13	6.95
1990	4	407.85	103	12.42	2.91	77.7	9.51	7.67
1990	5	611.86	55.1	19.19	6.84	73	12.35	13.01
1990	6	569.46	62.2	21.62	9.91	76.63	11.71	15.77
1990	7	507.41	74.5	22.11	11.23	75.87	10.88	16.67
1990	8	490.85	104.5	23.85	11.07	76.81	12.78	17.46
1990	9	286.08	104.7	15.26	7.75	84.2	7.52	11.51
1990	10	259.89	13.2	15.67	3.54	78.61	12.13	9.6
1990	11	96.88	65.7	8.15	2.55	85.83	5.6	5.35
1990	12	92.9	25.1	1.92	-3.92	86.39	5.84	-1
1991	1	117.02	13.2	3.01	-3.87	83.32	6.88	-0.43
1991	2	186.16	29.6	-0.6	-9.12	82.57	8.52	-4.86
1991	3	272.46	17.8	9.65	1.27	82.1	8.39	5.46
1991	4	452.34	53.5	11.73	2.41	78.5	9.32	7.07
1991	5	461.7	105.8	15.02	5.61	77.29	9.41	10.31
1991	6	555.98	60.2	21.56	10.05	76.77	11.51	15.81
1991	7	480.57	82.1	24.06	13.85	79.35	10.21	18.95
1991	8	421.25	139.3	22.41	12.98	81.87	9.44	17.7
1991	9	384.96	76.8	20.13	8.69	79.9	11.44	14.41
1991	10	234.28	60.5	12.12	4.04	83.65	8.08	8.08
1991	11	120.64	40.4	7.11	1.07	86.33	6.04	4.09
1991	12	79	46.9	0.41	-5.78	86.9	6.19	-2.69
1992	1	102.43	41.2	1.61	-4.4	84.45	6.01	-1.39
1992	2	181.35	36.4	4.2	-2.63	84.1	6.83	0.78
1992	3	358.55	31.6	8.3	-0.85	76.68	9.15	3.73
1992	4	412.25	44.7	12.88	3.71	75.2	9.16	8.3
1992	5	538.84	61.7	18.25	6.83	73.81	11.42	12.54
1992	6	594.49	60.4	23.15	11.15	76.1	12	17.15
1992	7	616.89	79.1	25.36	13.05	72.65	12.31	19.21
1992	8	562.79	48.3	28.63	14.41	71	14.22	21.52
1992	9	325.73	84.2	18.22	7.43	80.67	10.79	12.83
1992	10	210.35	86.1	11.34	2.85	85.58	8.49	7.1
1992	11	115.81	34.9	7.34	0.93	84.97	6.41	4.14
1992	12	87.5	44.2	1.48	-4.65	86.19	6.13	-1.59
1993	1	118.09	30.6	4.44	-3.85	74.61	8.29	0.3
1993	2	170.11	28.7	2.1	-5.44	83.39	7.54	-1.67
1993	3	328.48	56.7	5.19	-2.5	81.19	7.69	1.35
1993	4	476.38	44.3	13.44	2.09	73	11.35	7.76
1993	5	637.23	36.4	21.51	8.35	72.39	13.15	14.93
1993	6	527.53	72.3	20.89	10.35	77.13	10.54	15.62
1993	7	547.03	75.9	22.23	11.47	78.94	10.76	16.85
1993	8	505.1	54.9	23.18	11.16	76.81	12.03	17.17
1993	9	364.4	36.7	18.38	8.34	80.87	10.04	13.36
1993	10	219.72	36.8	13.95	5.36	84.77	8.59	9.65
1993	11	130.68	38	2.14	-4.2	87.37	6.34	-1.03
1993	12	81.22	21.3	5.44	-0.76	81.58	6.2	2.34
1994	1	107.78	47.8	5.88	-0.28	82.35	6.15	2.8
1994	2	181.86	9.5	2.31	-5	83.89	7.31	-1.35
1994	3	310.69	80	9.6	1.28	80.19	8.32	5.44
1994	4	422.63	130.1	14.01	3.33	78.27	10.67	8.67
1994	5	553.58	83.2	18.23	7.29	76.19	10.93	12.76
1994	6	575.99	81.9	21.74	10.18	73.7	11.57	15.96
1994	7	672.57	39	27.2	12.77	70.32	14.43	19.99
1994	8	478.05	88.6	24.05	13.04	79.29	11.02	18.54
1994	9	313.67	54.2	20.47	10.83	83.67	9.65	15.65
1994	10	219.34	83.1	12.17	2.74	84.16	9.44	7.46
1994	11	123.1	27.8	7.93	0.69	85.2	7.24	4.31
1994	12	85.87	34.1	4.36	-2.01	86.48	6.37	1.17
1995	1	118.8	26.2	2	-4.65	83.9	6.65	-1.32
1995	2	172.32	33.1	7.62	-0.25	78.89	7.87	3.69
1995	3	317.51	52.2	6.99	-0.38	79.61	7.37	3.3
1995	4	434.13	82.2	11.99	2.97	77.43	9.02	7.48
1995	5	539.79	82.8	17.74	6.55	74.84	11.19	12.14
1995	6	513.98	113	21.53	11.05	79.73	10.47	16.29
1995	7	644.75	30.3	26.18	13.28	73.39	12.91	19.73
1995	8	488.2	56.3	23.51	11.61	76.48	11.91	17.56
1995	9	304.11	73.6	16.96	8.86	84.8	8.1	12.91
1995	10	242.96	17.7	16.12	5.47	83.87	10.65	10.8
1995	11	118.19	41.1	3.42	-3.68	86.2	7.1	-0.13
1995	12	92.38	44.8	-1.43	-7.37	87.19	5.94	-4.4
1996	1	109.75	31	-2.57	-8.34	85.74	5.76	-5.45
1996	2	190.15	16.2	-1.37	-8.77	82.97	7.4	-5.07
1996	3	356.64	39.8	1.86	-5.49	82.97	7.35	-1.82
1996	4	472.03	51.6	12.9	1.93	76	10.96	7.42
1996	5	532.54	115.6	20.14	9.61	80.42	10.53	14.87
1996	6	576.29	73.9	22.46	11.23	77.33	11.23	16.85
1996	7	522.39	108.9	21.76	11.43	80.29	10.33	16.6
1996	8	431.61	174.4	22.6	12.17	83.97	10.43	17.39
1996	9	195.71	152.9	12.59	7.37	90.47	5.21	9.98
1996	10	202.3	32.6	13.71	5.65	86.06	8.06	9.68
1996	11	127.22	55.4	9.88	3.22	85.5	6.66	6.55
1996	12	101.47	20.4	-2.78	-9.25	86.61	6.46	-6.02
1997	1	123.12	16.3	-2.26	-9.67	86.97	7.41	-5.97
1997	2	190.66	25	5.56	-1.92	80.29	7.48	1.82
1997	3	345.59	22	7.72	-1.43	79.52	9.15	3.14
1997	4	440.6	51.5	9.43	0.15	78.77	9.28	4.79
1997	5	533.96	97.5	19.3	8.98	77.71	10.32	14.14
1997	6	572.45	90	22.28	10.64	77.43	11.65	16.46
1997	7	460.31	241.5	21.57	12.7	86.61	8.87	17.14
1997	8	496.35	78.2	23.39	11.79	82.55	11.6	17.59
1997	9	344.97	46.9	18.49	8.41	82.7	10.08	13.45
1997	10	225.92	66.5	10.5	2.91	85.23	7.59	6.71
1997	11	112.39	64.4	6.61	0.8	88.93	5.81	3.71
1997	12	68.56	50.5	3.01	-2.28	90.23	5.29	0.36
1998	1	118.36	56	3.72	-2.89	85.94	6.61	0.41
1998	2	168.25	44.7	7.93	-0.81	82.04	8.75	3.56
1998	3	337.03	34.7	6.25	-2	79.97	8.24	2.12
1998	4	425.74	150.2	15.39	5.58	77.53	9.81	10.48
1998	5	571.9	62.8	19.34	7.5	76.29	11.83	13.42
1998	6	544.73	149.6	23.01	12.84	79.6	10.17	17.92
1998	7	482.14	81	23.19	13.2	81.03	9.99	18.2
1998	8	513.72	61.3	23.04	11.76	78.65	11.28	17.4
1998	9	298.16	65.7	18.52	8.71	84.5	9.81	13.61
1998	10	183.45	90.6	12.32	5.14	85.71	7.18	8.73
1998	11	114.92	41	2.4	-3.23	89	5.63	-0.42
1998	12	89.14	29.2	0.99	-5.61	86.16	6.6	-2.31
1999	1	119.79	31.6	4.33	-3.07	86.74	7.4	0.63
1999	2	157.94	60.4	1.5	-3.91	87.29	5.41	-1.21
1999	3	354.96	17.9	9.33	0.51	80.52	8.82	4.92
1999	4	437.17	48.1	15.43	4.81	77.3	10.62	10.12
1999	5	600.37	60.3	19.05	6.09	73.9	12.95	12.57
1999	6	444.12	233.8	22.08	12.27	84.07	9.81	17.17
1999	7	531.96	84.8	24.97	14.23	79.61	10.74	19.6
1999	8	458.75	77	22.78	11.27	80.13	11.51	17.03
1999	9	402.77	55.4	22.04	9.97	77.93	12.07	16.01
1999	10	183.44	99.2	12.71	5.04	84.74	7.67	8.87
1999	11	117.44	59.4	5.06	-1.07	88.2	6.12	2
1999	12	95.25	40.8	3.26	-3.27	84.16	6.53	0
2000	1	99.26	38.3	0.5	-5.47	85.55	5.97	-2.49
2000	2	176.03	46.4	5.51	-1.34	83.17	6.86	2.08
2000	3	303.99	86.7	7.5	0.02	83.35	7.48	3.76
2000	4	497.17	58.1	17.79	5.15	72.6	12.64	11.47
2000	5	619.32	84	21.9	7.8	68.35	14.1	14.85
2000	6	639.42	76.7	22.82	10.73	70.47	12.09	16.78
2000	7	477.99	228.4	21.63	12	80.71	9.63	16.81
2000	8	506.89	47	24.37	12.66	78.35	11.71	18.51
2000	9	328.15	46.4	17.37	7.19	81.47	10.18	12.28
2000	10	269.91	7.7	18.57	7.7	79.55	10.87	13.14
2000	11	122.57	27.4	12.47	3.32	86.57	9.15	7.9
2000	12	81.39	33.6	4.36	-1.33	87.81	5.69	1.52
2001	1	107.88	54.1	1.94	-4.14	87.26	6.08	-1.1
2001	2	175.21	25.2	4.34	-4.01	82.5	8.35	0.16
2001	3	277.7	55.6	8.32	-0.37	82.65	8.69	3.97
2001	4	376.93	136.3	12.95	3.23	79.37	9.72	8.09
2001	5	618.83	81.8	20.44	7.86	71.29	12.58	14.15
2001	6	472.64	91.9	19.23	10.17	80.03	9.05	14.7
2001	7	508.66	201.8	24.37	14.26	81.29	10.11	19.31
2001	8	509.35	75.2	25.12	13.37	78.87	11.75	19.25
2001	9	258.68	95.4	16.02	8.55	87.57	7.48	12.29
2001	10	227.33	20	16.67	7.17	85.29	9.5	11.92
2001	11	109.9	47.1	5.1	-1.09	85.9	6.19	2
2001	12	84.04	40.9	-1.5	-8.39	86.97	6.89	-4.94
2002	1	112.04	25.5	1.97	-5.21	85.06	7.18	-1.62
2002	2	187.79	32.2	8.83	-0.13	80.32	8.96	4.35
2002	3	353.88	25.9	11.04	0.25	75.39	10.78	5.65
2002	4	460.95	32	13.81	3.28	74.67	10.53	8.55
2002	5	586.78	91.8	22.7	10.16	72.26	12.54	16.43
2002	6	546.39	157.9	22.94	11.83	76.53	11.1	17.39
2002	7	578.14	85.9	25.68	13.8	74.9	11.88	19.74
2002	8	505.88	69.8	25.03	13.59	78.1	11.44	19.31
2002	9	304.5	84.8	17.31	7.89	81.2	9.42	12.6
2002	10	193.55	109	11.66	3.74	85.48	7.93	7.7
2002	11	111.82	29.6	9.32	2.23	85.73	7.09	5.78
2002	12	89.68	27.7	-2.03	-8.78	85.71	6.75	-5.41
2003	1	105.21	33.6	0.61	-6.18	86.23	6.8	-2.79
2003	2	193.42	27.3	-1.38	-9.84	82	8.46	-5.61
2003	3	334.68	39.9	6.92	-2.24	78.29	9.16	2.34
2003	4	478.96	42.2	12.52	1.56	71.17	10.96	7.04
2003	5	575.65	106.9	21.87	9.79	73.26	12.08	15.83
2003	6	663.2	43.1	24.38	12.09	68.47	12.28	18.24
2003	7	515.69	80.8	24.54	13.75	76.52	10.79	19.15
2003	8	572.66	27.4	26.31	12.55	68.65	13.75	19.43
2003	9	379.42	44.8	20.49	7.55	75.23	12.94	14.02
2003	10	203.1	50.3	9.98	2.11	84.16	7.87	6.04
2003	11	124.3	17	9.58	1.51	87	8.07	5.54
2003	12	91.23	33.1	4.4	-3.09	84.97	7.49	0.65
2004	1	113.94	31.4	-1.02	-7.92	85.45	6.9	-4.47
2004	2	161.81	72.4	3.8	-3.19	83.07	6.99	0.3
2004	3	320.96	54	7.52	-1.23	79.45	8.75	3.14
2004	4	505.87	40	14.32	3.15	70.7	11.17	8.74
2004	5	555.31	76.1	17.03	6.77	74.65	10.26	11.9
2004	6	559.48	75.3	21.47	10.59	74	10.88	16.03
2004	7	539.62	168.1	22.9	12.32	77.61	10.58	17.61
2004	8	511.06	64.1	24.05	12.25	75.97	11.8	18.15
2004	9	377.05	24	18.97	7.91	76.83	11.06	13.44
2004	10	243.48	44.8	16.21	5.53	82.06	10.68	10.87
2004	11	103.02	57.2	7.06	1	87.5	6.06	4.03
2004	12	90.41	12.3	4.15	-2.47	87.13	6.62	0.84
2005	1	106.84	61	3.22	-3.71	83.65	6.93	-0.25
2005	2	182.27	39.6	-0.12	-7.32	84.11	7.2	-3.72
2005	3	367.54	28.8	5.67	-4.33	76.61	10	0.67
2005	4	475.41	33.1	14.79	3.04	68.97	11.76	8.92
2005	5	595.65	89.3	19.76	7.54	72.68	12.22	13.65
2005	6	580.33	120.5	21.5	10.25	72.03	11.25	15.88
2005	7	545.84	75	24.85	13.15	73.81	11.7	19
2005	8	440.72	143.8	22.08	11.88	77.94	10.2	16.98
2005	9	389.85	50.2	20.97	8.19	77.67	12.78	14.58
2005	10	246.29	19.4	14.71	4.08	81.06	10.63	9.39
2005	11	132.06	24.3	6.76	-1.73	86.53	8.49	2.52
2005	12	67.27	69.8	1.93	-3.69	89.65	5.61	-0.88
2006	1	133.41	32.9	-2.58	-12.23	83.71	9.64	-7.4
2006	2	179.49	39.1	0.64	-6.78	86.07	7.43	-3.07
2006	3	279.28	70.8	4.26	-3.84	82.61	8.1	0.21
2006	4	462.41	49.9	14.86	3.48	73.7	11.37	9.17
2006	5	549.37	81.8	19.15	7.32	71.35	11.84	13.24
2006	6	592.9	183	22.29	10.86	72.6	11.43	16.58
2006	7	685.12	23	27.95	13.01	63.26	14.94	20.48
2006	8	453.49	110.8	22.67	12.5	80.26	10.17	17.59
2006	9	402.24	45	22.16	9.03	76.73	13.13	15.6
2006	10	263.1	18.3	17.63	4.96	80.23	12.67	11.29
2006	11	105.82	68	10	1.95	86.67	8.06	5.98
2006	12	90.67	27.4	6.75	-0.55	86.58	7.31	3.1
2007	1	94.52	72.9	7.02	0.05	83.16	6.97	3.54
2007	2	148.32	37.2	5.44	-1.58	84.14	7.01	1.93
2007	3	333.36	57.7	11.55	1.1	75.23	10.46	6.33
2007	4	507.17	18.3	15.84	2.35	62.67	13.49	9.1
2007	5	598.8	71.3	21.51	8.92	69.55	12.59	15.21
2007	6	601.72	115.5	24.11	12.49	73.23	11.62	18.3
2007	7	591.95	74.1	25.65	13.04	70.52	12.61	19.34
2007	8	482.42	88.4	24.57	12.8	75.84	11.77	18.69
2007	9	320.97	243	18	7.4	81.27	10.6	12.7
2007	10	198.06	91.4	12.13	3.61	85.19	8.52	7.87
2007	11	116.04	70.6	4.56	-2.03	87.87	6.59	1.27
2007	12	84	27	1.65	-4.19	87.13	5.84	-1.27
2008	1	103.42	30.5	4.96	-1.83	83.23	6.8	1.57
2008	2	165.16	18	6.58	-1.35	79.72	7.93	2.62
2008	3	348	52.4	8.94	-0.48	75.26	9.42	4.23
2008	4	454.37	36.1	14.63	3.42	75.87	11.21	9.02
2008	5	541.99	48.6	19.12	7.4	74.16	11.72	13.26
2008	6	621.78	33.6	24.22	11.36	67.47	12.86	17.79
2008	7	534.78	168.3	24.24	12.75	74.61	11.49	18.5
2008	8	506.31	45.2	24.84	12.41	74.74	12.43	18.62
2008	9	270.02	119.2	17.23	8.08	82.93	9.16	12.66
2008	10	214.63	56.2	15.54	5.65	84.03	9.89	10.59
2008	11	120.85	31.8	9.67	1.69	84.63	7.97	5.68
2008	12	86.13	43.4	4.6	-1.6	84.03	6.21	1.5
2009	1	106.1	40.8	0.44	-6.43	86.9	6.87	-3
2009	2	169.53	51.7	2.09	-4.28	87.11	6.36	-1.1
2009	3	260.42	82.1	6.09	-0.7	84.13	6.79	2.69
2009	4	599.42	2.9	18.5	3.35	61.67	15.16	10.93
2009	5	579.22	128.8	19.51	7.15	69.55	12.35	13.33
2009	6	515.05	146.1	21.19	10.7	78.9	10.49	15.95
2009	7	627.27	60.8	25.73	13.4	74.03	12.33	19.56
2009	8	507.09	102.6	24.31	12.29	74.32	12.01	18.3
2009	9	366.01	28.7	20.82	9.52	79.9	11.3	15.17
2009	10	169.64	92.3	11.36	4.3	86.74	7.06	7.83
2009	11	122.19	82.4	9.93	1.36	86.17	8.57	5.64
2009	12	70.25	42	2.34	-3.61	86.81	5.95	-0.64
2010	1	114.94	37.8	-3.57	-9.42	86.35	5.84	-6.5
2010	2	187.1	37.7	2.35	-5.8	84.07	8.15	-1.72
2010	3	367.72	20.8	8.13	-1.62	74.9	9.75	3.25
2010	4	462.34	83.9	14.19	3.11	72.67	11.08	8.65
2010	5	402.81	369.9	17.02	9.22	84.9	7.8	13.12
2010	6	526.19	202.1	21.79	11.65	74.93	10.14	16.72
2010	7	560.78	199.7	25.42	14.31	74.32	11.11	19.87
2010	8	495.81	164.3	24.34	13.42	79.32	10.93	18.88
2010	9	284.14	126.5	16.57	8.21	84.93	8.36	12.39
2010	10	243.7	9.2	11.16	1.09	80.74	10.07	6.13
2010	11	128.64	49.2	10.58	3.03	85.77	7.55	6.81
2010	12	86.59	45.7	-0.8	-8.42	87.42	7.63	-4.61
2011	1	101.9	34.9	2.41	-3.9	87.61	6.31	-0.75
2011	2	190.27	16.2	1.07	-6.01	78.5	7.08	-2.47
2011	3	366.73	12.3	9.1	-1.55	71.45	10.65	3.77
2011	4	483.85	56.3	16.35	4.18	69.63	12.17	10.26
2011	5	597.93	87.3	19.8	6.45	69.42	13.35	13.13
2011	6	569.58	76.7	22.85	12.48	73.87	10.37	17.66
2011	7	446.49	204.5	22.1	13.12	81.65	8.97	17.61
2011	8	537.64	63.3	25.12	13.2	77.06	11.92	19.16
2011	9	390.73	21.3	21.76	9.34	78.13	12.42	15.55
2011	10	224.34	40	13.52	3.89	82.29	9.63	8.71
2011	11	149.07	0.5	7.34	-2.07	83.7	9.41	2.64
2011	12	86.85	24.8	5.21	-0.99	86.03	6.2	2.11
2012	1	100.9	58.5	1.33	-4.53	85.06	5.85	-1.6
2012	2	183.72	28.4	-3.17	-11.77	79.62	8.59	-7.47
2012	3	361.56	28.3	9.98	-0.75	73.81	10.74	4.62
2012	4	477.44	45	15.46	3.65	69.43	11.81	9.56
2012	5	591.01	35.2	20.46	8.1	67.65	12.36	14.28
2012	6	518.13	118.5	22.9	12.37	76.93	10.53	17.63
2012	7	611.94	84.5	25.99	14.05	74.16	11.95	20.02
2012	8	504.17	40.3	24.83	12.79	74.48	12.04	18.81
2012	9	345.78	50.7	20.6	9.2	78.23	11.4	14.9
2012	10	216.65	83.8	14.09	4.3	84.06	9.79	9.2
2012	11	108.61	30.4	9.52	2.47	86.93	7.06	6
2012	12	91.47	31.3	0.92	-5.88	86.03	6.81	-2.48
2013	1	96.22	65.7	-0.06	-5.3	87.06	5.25	-2.68
2013	2	151.77	46	1.82	-3.03	87.82	4.85	-0.61
2013	3	280.57	58.8	2.85	-4.44	79.81	7.28	-0.79
2013	4	485.49	27.9	14.37	3.23	73.8	11.14	8.8
2013	5	508.34	109.5	19.13	8.87	76.77	10.25	14
2013	6	509.68	188	22.06	12.68	80.13	9.38	17.37
2013	7	620.12	60.2	24.97	12.26	71.65	12.71	18.62
2013	8	524.01	28.8	25.09	12.06	70.84	13.03	18.57
2013	9	324.88	78.2	16.98	7.33	81.93	9.66	12.16
2013	10	241.18	19.4	16.31	5.35	80.68	10.96	10.83
2013	11	101.41	88.3	8.55	1.85	87.57	6.7	5.2
2013	12	105.01	13.7	5.73	-1.89	81.94	7.62	1.92
2014	1	105.32	35	3.17	-3.25	85.06	6.42	-0.04
2014	2	186.8	19	8.11	-1.39	79.46	9.5	3.36
2014	3	329.23	47.9	11.81	1.28	73.9	10.53	6.54
2014	4	457.65	59.5	15.64	4.57	76.87	11.07	10.1
2014	5	534.22	207.2	18.85	8.02	75.9	10.83	13.43
2014	6	593.18	83.1	21.72	9.92	72.53	11.8	15.82
2014	7	590.01	196.9	25.54	14.12	76.48	11.42	19.83
2014	8	459.25	123.5	22.55	12.49	78.52	10.06	17.52
2014	9	347.36	87.1	19.98	9.75	82.9	10.23	14.87
2014	10	221.23	65.1	14.21	5.66	86.26	8.55	9.93
2014	11	118.9	36.8	9.67	2.82	87.37	6.85	6.25
2014	12	80	26.8	3.9	-1.97	84.23	5.87	0.97
2015	1	93.94	54.9	4.52	-1.76	84.23	6.28	1.38
2015	2	165.42	32.4	4.79	-3.11	81.54	7.9	0.84
2015	3	357.1	46.4	9.97	-0.29	73.19	10.26	4.84
2015	4	492.02	38.4	14.2	2.83	67.8	11.37	8.52
2015	5	474.42	115	17.81	7.75	72.42	10.05	12.78
2015	6	571.35	35.1	22.38	11.47	70.13	10.91	16.93
2015	7	669.54	70.3	26.78	13.45	67.03	13.33	20.11
2015	8	591.49	60.4	28.36	13.6	64.32	14.76	20.98
2015	9	327.06	107.5	20.11	10.32	77.4	9.79	15.21
2015	10	235.41	51.3	12.87	3.41	82.03	9.46	8.14
2015	11	125.24	75.4	9.76	1.79	83.8	7.97	5.78
2015	12	89.92	14.5	8.16	0.29	84.42	7.87	4.22
2016	1	108.5	32.3	1.51	-5.79	83.81	7.31	-2.14
2016	2	162.96	93.5	7.67	0.32	81.83	7.34	3.99
2016	3	294.8	34.9	8.43	0.82	78.35	7.61	4.63
2016	4	430.73	72.5	14.88	3.88	72.1	11	9.38
2016	5	609.53	77.4	19.54	7.53	72.23	12.01	13.54
2016	6	630.67	52.2	24.34	11.7	70	12.63	18.02
2016	7	560.64	159.9	24.71	13.35	73.45	11.35	19.03
2016	8	502.42	87.3	23.68	11.81	74.35	11.87	17.74
2016	9	374.03	32.9	21.47	9.51	77	11.96	15.49
2016	10	155.63	144.7	11.48	4.25	86.84	7.23	7.86
2016	11	107.29	51.2	7.38	0.2	85.57	7.18	3.79
2016	12	77.12	41.8	3.39	-3.49	84.87	6.89	-0.05
2017	1	127.99	10.8	-0.96	-10.04	80.58	9.08	-5.5
2017	2	177.49	36.8	4.66	-3.31	80.75	7.98	0.67
2017	3	299.2	43.1	11.06	1.39	76.48	9.67	6.22
2017	4	398.49	114.4	12.31	2.96	75.1	9.36	7.64
2017	5	549.74	76.3	18.82	8.16	74.52	10.65	13.49
2017	6	648.01	53	24.64	12	67.97	12.64	18.32
2017	7	580.33	85.3	24.91	12.59	74.39	12.31	18.75
2017	8	526.6	97.7	26.41	13.23	73.03	13.18	19.82
2017	9	288.71	175.9	17.97	9.69	82.9	8.28	13.83
2017	10	199.2	105.4	14.03	5.79	84.1	8.24	9.91
2017	11	114.45	60.9	7.44	1.04	86.7	6.4	4.24
2017	12	79.11	34.3	4.76	-0.99	83.45	5.75	1.89
2018	1	104.42	18.9	4.54	-1.73	84	6.26	1.4
2018	2	160.18	22	-0.98	-6.16	83.18	5.18	-3.57
2018	3	338	20.9	5.83	-4.3	75.97	10.14	0.76
2018	4	538.01	21.2	20.84	6.18	65.07	14.66	13.51
2018	5	633.18	64.5	22.13	9.6	68.77	12.52	15.86
2018	6	542	99.3	23.58	12.65	71.13	10.93	18.11
2018	7	558.06	165.4	24.74	13.97	74.13	10.76	19.36
2018	8	521.45	74.1	25.85	14.01	72.74	11.84	19.93
2018	9	377.41	53.9	21.2	9.45	75.47	11.75	15.33
2018	10	245	52.8	16.48	5.45	77.84	11.03	10.97
2018	11	128.23	16.6	9.07	1.2	83.8	7.87	5.13
2018	12	68.92	60	3.52	-1.74	88.16	5.26	0.89
2019	1	98.5	57.9	0.42	-5.4	84.58	5.82	-2.49
2019	2	187.97	26.5	7.79	-1.38	74.57	9.18	3.21
2019	3	346.66	30.3	11.32	0.99	68.71	10.32	6.15
2019	4	464.32	83.4	15.3	3.54	64.3	11.76	9.42
2019	5	426.46	179.5	16.64	7.48	76.68	9.15	12.06
2019	6	675.68	24.2	27.49	14.55	65.97	12.93	21.02
2019	7	597.22	78.4	24.95	12.74	66.29	12.21	18.85
2019	8	520.82	146.4	26.15	13.96	73	12.18	20.06
2019	9	379.88	80.5	20.01	9.25	74.73	10.76	14.63
2019	10	265.53	52.1	17.42	5.6	78.48	11.82	11.51
2019	11	126.07	57.9	11.15	3.25	84.67	7.9	7.2
2019	12	86.71	65.8	6.11	-0.59	82.29	6.7	2.76
