yyyy	mm	SLR	PCP	MAX	MIN	HMD	DIF	TAS
1990	1	76.08	20.3	3.85	-0.51	86.06	4.36	1.67
1990	2	167.86	30.5	9.03	1.31	80.36	7.72	5.17
1990	3	294.94	22.3	11.36	2.39	74.68	8.97	6.88
1990	4	404.32	45.9	13.09	3.78	74.6	9.3	8.44
1990	5	638.28	22.7	19.8	6.72	68.48	13.08	13.26
1990	6	553.61	41.3	22.45	10.45	74.97	12	16.45
1990	7	543.46	78.6	22.27	11.11	74.61	11.15	16.69
1990	8	503.46	44.5	24.25	11.53	73.35	12.73	17.89
1990	9	261.26	68.5	15.1	7.66	83.73	7.45	11.38
1990	10	239.15	23.3	15.06	4.44	79.77	10.62	9.75
1990	11	75.36	71.1	6.51	2.29	90.17	4.22	4.4
1990	12	69.24	30.1	1.37	-2.5	88.55	3.88	-0.56
1991	1	96.37	11.4	2.82	-2.85	84.77	5.67	-0.01
1991	2	166.54	14.1	-0.56	-7.33	82.64	6.76	-3.95
1991	3	285.93	17.5	8.66	1.28	82.19	7.38	4.97
1991	4	452.09	26.8	12.91	2.9	74.5	10	7.91
1991	5	518.74	44.9	14.94	4.89	76.74	10.05	9.91
1991	6	557.52	78.6	20.33	9.67	76.1	10.66	15
1991	7	603.46	66.2	24.24	12.72	74.84	11.52	18.48
1991	8	445.89	50.4	23.54	12.88	77.68	10.66	18.21
1991	9	358.96	34	20.48	9.15	77.33	11.33	14.82
1991	10	233.07	12.6	12.38	3.89	82.97	8.49	8.14
1991	11	97.07	63.9	6.39	1.34	88.33	5.05	3.87
1991	12	65.8	49.1	0.91	-3.97	88.39	4.87	-1.53
1992	1	85.76	16.9	1.61	-3.27	86.58	4.88	-0.83
1992	2	147.61	39.8	4.2	-1.2	86.38	5.4	1.5
1992	3	314.07	63.7	7.77	-0.37	79.32	8.14	3.7
1992	4	422.34	37	12.54	3.35	73.73	9.19	7.94
1992	5	553.88	18.5	19.2	7.35	70.48	11.85	13.28
1992	6	617.95	26.9	24.26	11.07	65.4	13.19	17.67
1992	7	626.68	59.1	25.98	12.92	65.87	13.06	19.45
1992	8	541	13.4	28.52	14.28	61.39	14.24	21.4
1992	9	300.82	56.1	18.32	7.86	78	10.46	13.09
1992	10	190.93	39.9	9.95	2.31	84.48	7.65	6.13
1992	11	95.59	44.4	6.3	1.28	87.97	5.02	3.79
1992	12	69.28	46.4	1.36	-3.66	90.16	5.02	-1.15
1993	1	94.51	43.6	3.39	-3.31	82.29	6.7	0.04
1993	2	152.2	33.9	1.21	-4.35	87.43	5.56	-1.57
1993	3	317.71	40.4	4.55	-2.54	81.9	7.09	1
1993	4	454.56	26.1	13.9	3.16	70.87	10.74	8.53
1993	5	611.85	31.9	22.26	9.32	68.42	12.94	15.79
1993	6	534.37	67.1	20.27	10.14	75.5	10.13	15.21
1993	7	545.76	80.8	21.95	10.99	77.42	10.95	16.47
1993	8	496.96	44.1	22.25	10.68	74.26	11.56	16.46
1993	9	289.69	105.7	16.8	8.49	83.77	8.31	12.64
1993	10	205.01	25.6	12.08	4.62	84.87	7.46	8.35
1993	11	111.69	25.3	1.13	-4.3	87.7	5.43	-1.58
1993	12	64.69	75.8	4	-0.55	88.52	4.54	1.73
1994	1	78.79	36.9	4.4	0.02	87.29	4.39	2.21
1994	2	165.72	6.8	1.3	-5.06	82.75	6.37	-1.88
1994	3	293.48	66.2	8.18	0.96	81.58	7.21	4.57
1994	4	420.38	84.2	13.73	3.92	76.13	9.81	8.83
1994	5	567.2	63.9	18.23	6.86	73.19	11.36	12.55
1994	6	604.68	19.1	21.57	10.07	70.4	11.5	15.82
1994	7	726.35	33.6	28.58	13.11	60.42	15.47	20.84
1994	8	457.15	73.9	24.08	13.29	73.16	10.79	18.68
1994	9	299.32	45.1	18.78	10.55	83.37	8.23	14.67
1994	10	210.63	60.6	11.05	2.88	83.9	8.17	6.96
1994	11	106.56	34.6	6.92	0.93	85.53	5.99	3.93
1994	12	66.95	63	3.67	-1.35	88.48	5.02	1.16
1995	1	92.45	33	1.08	-3.89	85.26	4.97	-1.41
1995	2	135.2	45.5	6.46	0.08	83.36	6.38	3.27
1995	3	312.16	38	6.87	-0.52	80.26	7.39	3.18
1995	4	421.3	36.8	12.53	3.48	75.6	9.04	8.01
1995	5	578	41.3	18.08	6.17	73	11.92	12.13
1995	6	557.81	66.7	21.89	11.34	78.7	10.55	16.62
1995	7	647.77	50.5	26.84	13.35	71.06	13.5	20.09
1995	8	513.35	74.2	24.31	11.81	71.52	12.5	18.06
1995	9	272.27	71	16.88	9.76	85.87	7.12	13.32
1995	10	202.19	17.1	15.35	6.15	85.48	9.2	10.75
1995	11	101.81	22	3.2	-2.21	88.23	5.41	0.49
1995	12	80.2	19.9	-2.16	-7.85	87.29	5.69	-5
1996	1	94.23	16.9	-2.9	-7.78	86.19	4.88	-5.34
1996	2	180.17	25.4	-1.77	-8.41	82.41	6.64	-5.09
1996	3	345.87	22	1.88	-4.49	81.55	6.37	-1.3
1996	4	497.23	34.2	13.57	2.02	72.27	11.56	7.79
1996	5	527.9	77.7	19.73	9.18	78.97	10.55	14.46
1996	6	595.2	57.3	22.35	10.78	75.4	11.57	16.57
1996	7	507.85	95.9	21.06	11.33	79.77	9.73	16.19
1996	8	467.49	38.9	23.86	12.86	78.26	11	18.36
1996	9	220.52	91.9	13.69	7.58	87.07	6.11	10.64
1996	10	189.13	28.5	13.61	6.08	86.13	7.53	9.85
1996	11	99.9	26.7	8.4	3.34	86.33	5.06	5.87
1996	12	83.08	9.4	-2.71	-7.66	87.74	4.95	-5.19
1997	1	97.92	4.5	-1.9	-7.37	88.94	5.46	-4.64
1997	2	154.87	35.4	4.78	-0.93	81.79	5.71	1.92
1997	3	330.7	21.4	7.68	-1.11	77.87	8.79	3.29
1997	4	464.07	32.6	9.88	0.56	73.43	9.32	5.22
1997	5	553.12	83.5	18.49	8.41	74.81	10.07	13.45
1997	6	586.97	61.4	21.65	10.56	74.37	11.09	16.11
1997	7	470.45	243.1	22.04	13.09	83.13	8.95	17.57
1997	8	546.69	30.5	24.75	12.46	76.19	12.29	18.6
1997	9	326.08	44.8	18.26	8.45	81.53	9.8	13.36
1997	10	187.58	50.2	9.9	3.46	85.68	6.44	6.68
1997	11	94.44	69	5.13	0.65	89.4	4.48	2.89
1997	12	57.59	34.4	2.4	-1.73	90.77	4.13	0.34
1998	1	97.74	43.6	3.79	-1.89	87.42	5.68	0.95
1998	2	130.71	42.5	6.93	0.26	82.79	6.68	3.59
1998	3	320.77	41.8	6.28	-1.78	78.45	8.06	2.25
1998	4	411.54	58.6	14.99	5.57	78.07	9.42	10.28
1998	5	616.49	42	19.96	8.04	72.23	11.92	14
1998	6	546.58	68.9	22.47	12.29	76.8	10.18	17.38
1998	7	525.45	95.4	22.67	12.6	77.94	10.07	17.63
1998	8	485.65	52.4	22.1	11.92	77.16	10.18	17.01
1998	9	292.54	50.9	18.27	8.62	84.4	9.65	13.45
1998	10	170.41	81.4	10.88	4.94	85.45	5.94	7.91
1998	11	91.22	36.6	1.19	-3.2	91.1	4.38	-1
1998	12	71.54	52.1	0.81	-4.4	87.61	5.2	-1.8
1999	1	97.25	34.1	3.13	-2.29	88.13	5.43	0.42
1999	2	143.44	43.8	0.94	-4.18	87.68	5.11	-1.62
1999	3	309.97	33.5	9.35	0.51	80.52	8.85	4.93
1999	4	395.84	65.2	14.32	4.74	77.43	9.58	9.53
1999	5	630.44	39	18.77	6.62	70	12.15	12.7
1999	6	472.56	153	21.46	12.09	81.6	9.37	16.78
1999	7	610.73	41.6	25.86	14.41	72.13	11.45	20.13
1999	8	472.18	19.8	23.63	11.79	73.87	11.84	17.71
1999	9	398.57	18.7	22.38	10.19	76.3	12.19	16.29
1999	10	172.93	44.4	12.47	5.25	85.74	7.22	8.86
1999	11	97.53	32.1	4.38	-0.71	89.6	5.09	1.83
1999	12	74.15	29.6	2.78	-1.7	85.65	4.47	0.54
2000	1	80.8	35.8	0.92	-3.58	87.65	4.5	-1.33
2000	2	147.07	38.9	5.42	-0.38	84.21	5.8	2.52
2000	3	281.24	82.3	7.31	0.52	82.45	6.79	3.91
2000	4	503.85	10.8	18.31	5.78	70.87	12.53	12.04
2000	5	644.75	57.1	22.11	8.31	65.26	13.79	15.21
2000	6	666.28	27.2	23.5	10.85	67.93	12.64	17.18
2000	7	416.61	208.3	20.58	12.24	82.1	8.35	16.41
2000	8	506.83	45.3	23.95	12.6	76.74	11.35	18.28
2000	9	307.45	53.8	17.14	7.43	81.27	9.71	12.29
2000	10	218.82	9.5	17.21	7.77	81.58	9.44	12.49
2000	11	95.39	56.8	10.11	3.39	87.77	6.72	6.75
2000	12	58.33	49.2	3.9	-0.48	89.58	4.39	1.71
2001	1	88.46	17.6	1.86	-2.74	89.55	4.6	-0.44
2001	2	164.18	25.8	3.53	-3.46	84.43	6.99	0.03
2001	3	277.29	42.6	6.07	-1.03	82.52	7.11	2.52
2001	4	369.77	83.9	11.98	3.6	79.83	8.37	7.79
2001	5	627.14	51.5	19.63	8.2	68.81	11.43	13.91
2001	6	505.64	93.3	19.35	9.98	78.9	9.38	14.66
2001	7	506.81	157.6	24.9	14.71	78.71	10.19	19.8
2001	8	500.6	46.9	24.93	13.73	77.26	11.2	19.33
2001	9	234.35	108.5	15.5	8.91	87.83	6.59	12.21
2001	10	199.08	18.4	15.87	7.91	86.16	7.96	11.89
2001	11	95.33	38.8	5.12	-0.13	86.63	5.25	2.5
2001	12	72.19	37.7	-0.99	-6.5	87.81	5.51	-3.75
2002	1	85.42	37.4	1.94	-3.35	86.1	5.3	-0.71
2002	2	161.58	70.7	7.64	0.49	81.68	7.15	4.06
2002	3	332.67	30.4	9.39	0.59	76.94	8.81	4.99
2002	4	442.27	12.8	13.62	3.12	72.8	10.5	8.37
2002	5	563	113.2	23	10.74	71.23	12.26	16.87
2002	6	561.94	104.9	22.49	11.96	74.07	10.53	17.23
2002	7	613.48	55.6	26.04	14.55	72.94	11.49	20.3
2002	8	523.69	52.9	26.62	14.22	74.68	12.4	20.42
2002	9	321.21	45.5	18.4	8.46	79.03	9.94	13.43
2002	10	183.98	67.6	10.88	3.96	85.06	6.93	7.42
2002	11	99.91	48.8	7.44	1.76	87	5.67	4.6
2002	12	77.02	8.4	-2.06	-8.15	86.55	6.09	-5.1
2003	1	78.69	37.6	-0.06	-5.68	88.06	5.62	-2.87
2003	2	179.62	5.6	-0.38	-8.3	83.57	7.92	-4.34
2003	3	347.4	19.4	7.12	-1.72	77.77	8.84	2.7
2003	4	499.33	31.1	12.43	1.86	68.7	10.57	7.15
2003	5	609.18	67.7	21.35	9.75	71.13	11.6	15.55
2003	6	674.15	16.8	24.44	11.57	64.67	12.87	18.01
2003	7	547.94	95	25.26	14.25	75	11.01	19.76
2003	8	535.78	41	25.61	12.71	65.81	12.91	19.16
2003	9	366.45	24	20.3	8	74.23	12.31	14.15
2003	10	180.61	79.2	9.11	2.33	84.45	6.79	5.72
2003	11	109.73	25.3	8.82	2.55	88.1	6.27	5.69
2003	12	68.79	55.5	3.46	-1.22	85.77	4.68	1.12
2004	1	104.78	42.3	-2.24	-7.46	86.16	5.22	-4.85
2004	2	155.47	61.5	2.87	-2.69	83.34	5.56	0.09
2004	3	299.7	45.9	7.21	0.21	79.68	7	3.71
2004	4	474.67	58.5	14.08	3.6	69.07	10.48	8.84
2004	5	567.52	45	17.21	6.75	71.32	10.47	11.98
2004	6	589.93	47.7	21.39	10.34	69.97	11.06	15.86
2004	7	598.61	47.2	23.54	12.52	73.29	11.01	18.03
2004	8	504.11	54.2	25.39	13.39	72.94	11.99	19.39
2004	9	366.98	32.2	19.6	8.25	75.87	11.36	13.92
2004	10	195.78	31.5	14.82	6.35	82.58	8.47	10.58
2004	11	87.16	66.9	6.4	1.3	87.67	5.1	3.85
2004	12	59.33	23	3.46	-0.77	88.23	4.23	1.35
2005	1	85.84	44.1	3.18	-1.67	83.77	4.85	0.75
2005	2	163.11	43.2	0.18	-5.53	83.75	5.71	-2.68
2005	3	340.9	40.7	4.67	-3.52	77.77	8.19	0.58
2005	4	509.96	24.1	15	2.79	66.03	12.21	8.89
2005	5	607.77	78.4	19.16	7.69	71.77	11.47	13.43
2005	6	617.77	31.7	21.61	9.99	70.6	11.62	15.8
2005	7	573.98	68.6	26.38	13.5	69.9	12.88	19.94
2005	8	486.48	30.5	23.06	11.71	74.71	11.35	17.38
2005	9	413.47	24.9	22.34	8.93	75.73	13.4	15.64
2005	10	239.38	5.2	15.45	4.46	80.1	10.99	9.95
2005	11	112.52	37.9	6.19	-0.08	87.5	6.27	3.05
2005	12	52.89	103.9	1.57	-2.28	90	3.85	-0.35
2006	1	111.68	28	-3.68	-11.52	85.55	7.84	-7.6
2006	2	157.8	39.4	0.03	-5.84	87.25	5.87	-2.91
2006	3	302.09	29.8	3.11	-4.44	82.19	7.55	-0.66
2006	4	458.48	44.7	14.05	4.08	73.03	9.97	9.06
2006	5	610.23	49.1	19.17	7.9	67.29	11.27	13.53
2006	6	630.87	39.1	23.29	11.46	69.8	11.83	17.38
2006	7	709.6	18.9	29.69	14.73	58	14.96	22.21
2006	8	416.08	110.1	21.95	13.38	81.29	8.57	17.67
2006	9	407.64	18.3	22.24	10.23	77.27	12	16.24
2006	10	219.48	31.3	16.15	6.31	81.61	9.85	11.23
2006	11	97.26	60.6	9.12	3	87.63	6.11	6.06
2006	12	65.44	26.7	6.29	1.39	87.48	4.89	3.84
2007	1	76.26	85	6.11	0.91	83.81	5.2	3.51
2007	2	133.88	49.5	2.98	-2.37	86.68	5.35	0.31
2007	3	315.96	51.8	10.95	1.73	75.74	9.22	6.34
2007	4	530.44	17.6	15.76	2.79	61.03	12.97	9.28
2007	5	601.96	60.8	21.26	8.8	69.26	12.46	15.03
2007	6	595.71	92.9	24	13	72.2	11	18.5
2007	7	544.62	118.7	23.97	13.65	73.52	10.32	18.81
2007	8	500.32	52.1	24	13.35	74.74	10.65	18.68
2007	9	328.83	45.1	18.03	8.39	81.27	9.64	13.21
2007	10	187.91	27.8	11.92	4.11	85	7.81	8.01
2007	11	94.72	46.9	4.21	-0.61	89.6	4.82	1.8
2007	12	63.44	17.6	2.24	-1.81	89.42	4.04	0.21
2008	1	81.06	70.9	4.35	-0.93	85.71	5.28	1.71
2008	2	146.78	25.6	6.54	0	80.9	6.54	3.27
2008	3	303.05	54.4	7.82	0.24	79.94	7.58	4.03
2008	4	421.71	33.3	14.06	3.29	75.03	10.77	8.67
2008	5	569.65	46.7	18.66	7.6	69.97	11.05	13.13
2008	6	661.14	14.6	24.6	10.41	60.7	14.19	17.5
2008	7	623.52	77.9	25.32	13.12	67.58	12.2	19.22
2008	8	455.9	106.7	24.12	13.22	74.55	10.9	18.67
2008	9	272.22	36.7	16.94	8.82	82.17	8.12	12.88
2008	10	193.77	27	14.06	6.14	85.19	7.92	10.1
2008	11	106.11	37.2	8.05	2.65	88.3	5.4	5.35
2008	12	70.98	34.8	3.74	-0.91	87.97	4.65	1.42
2009	1	93.74	26	-0.08	-5.83	88.23	5.75	-2.95
2009	2	151.83	44.2	1.57	-3.49	89.71	5.06	-0.96
2009	3	280.24	55	6.6	-0.34	84.48	6.94	3.13
2009	4	595.28	2	18.16	3.34	59.7	14.82	10.75
2009	5	601.04	47.7	19.33	6.94	68.94	12.39	13.13
2009	6	517.72	139.9	20.71	10.8	79.07	9.91	15.75
2009	7	631.86	112	25.37	13.86	75.16	11.51	19.62
2009	8	534.33	57.1	24.57	12.68	72.1	11.89	18.63
2009	9	366.57	34.5	21.23	9.52	78	11.71	15.38
2009	10	157.4	72.3	9.99	3.97	87.9	6.02	6.98
2009	11	103.54	43.4	9.25	2.87	87.2	6.39	6.06
2009	12	57.94	44	1.72	-3.42	88.55	5.14	-0.85
2010	1	104.28	38.8	-4.72	-10.09	87.19	5.37	-7.4
2010	2	165.1	27.5	1.54	-4.79	86.36	6.33	-1.62
2010	3	345.51	47.6	7.83	-0.84	77.81	8.67	3.5
2010	4	477.11	23.8	14.59	3.51	70.33	11.08	9.05
2010	5	419.92	176.6	16.63	8.98	83.52	7.65	12.81
2010	6	613.62	31.5	22.57	11.14	72	11.43	16.86
2010	7	564.49	94.9	26.67	15.06	70.97	11.61	20.87
2010	8	473.66	130.6	24.3	13.98	79.58	10.32	19.14
2010	9	301.33	60.1	16.92	8.03	84.6	8.9	12.47
2010	10	250.88	7.9	11.02	1.27	80.87	9.75	6.14
2010	11	79.09	109.1	8.54	2.94	88.03	5.6	5.74
2010	12	78.28	58.7	-2.74	-9.03	90	6.29	-5.89
2011	1	75.02	33.6	1.92	-2.4	90.45	4.32	-0.24
2011	2	159.15	24.2	-0.16	-6.75	80.14	6.59	-3.45
2011	3	346.33	21.7	8.71	-1.3	71.42	10.01	3.7
2011	4	489.78	33.4	16.66	4.78	64.17	11.88	10.72
2011	5	622.74	44.3	20.27	7.56	67.39	12.71	13.92
2011	6	635.13	48.5	24.24	12.37	68.03	11.87	18.3
2011	7	431.74	126.1	22.58	13.36	81.19	9.21	17.97
2011	8	525.53	66.8	24.66	13.28	74.65	11.39	18.97
2011	9	369.13	12.9	21.52	9.21	77.13	12.31	15.37
2011	10	201.85	28.4	13.41	4.8	82.84	8.61	9.1
2011	11	126.7	0.6	7.28	-0.48	87.4	7.76	3.4
2011	12	64.86	44.8	4.87	0.21	86.74	4.67	2.54
2012	1	90.64	61.6	1.75	-3.36	85.71	5.11	-0.81
2012	2	167.03	33.1	-2.34	-9.4	81.62	7.06	-5.87
2012	3	331.25	15.2	10	0.37	75.19	9.63	5.19
2012	4	465.32	39.3	14.88	3.89	68.23	10.98	9.39
2012	5	606.95	31.1	21.5	8.43	65.29	13.07	14.96
2012	6	529.77	79.7	21.98	12.04	75.47	9.95	17.01
2012	7	616.34	80.8	26.04	14.32	73.97	11.72	20.18
2012	8	499.09	48.8	25.14	12.86	73.55	12.28	19
2012	9	324.2	53.7	20.05	9.15	77.77	10.9	14.6
2012	10	200.01	47	13.28	4.23	84.9	9.06	8.75
2012	11	88.18	26	8.62	2.68	89.73	5.94	5.65
2012	12	74.97	27.8	0.37	-5.27	88.45	5.65	-2.45
2013	1	84.77	68.4	-1.05	-5.42	88.1	4.36	-3.24
2013	2	126.26	27.5	1.21	-2.64	89.61	3.85	-0.71
2013	3	321.37	48.5	1.57	-6.25	76.71	7.82	-2.34
2013	4	438.6	40.7	12.6	3.11	74.53	9.49	7.85
2013	5	508.18	120.9	19.33	9.39	75.87	9.94	14.36
2013	6	545.91	157.2	22.3	12.76	78.03	9.54	17.53
2013	7	630.11	32.9	25.55	12.83	71.1	12.73	19.19
2013	8	535.32	47	25.06	12.34	69.71	12.72	18.7
2013	9	300.82	68.2	16.75	7.56	82.37	9.19	12.16
2013	10	226.83	17.9	15.15	5.57	81.68	9.58	10.36
2013	11	84.05	27.9	7.81	2.62	89.3	5.19	5.22
2013	12	71.51	23.2	5.16	-0.37	85.52	5.53	2.39
2014	1	87.21	47.4	0.9	-3.72	86.84	4.62	-1.41
2014	2	178.53	14.1	7.55	-1.14	81.07	8.69	3.21
2014	3	325.76	38.4	11.78	1.61	74.81	10.17	6.7
2014	4	463.42	42.4	16.11	4.83	73.07	11.28	10.47
2014	5	514.48	122.8	19.05	8.18	75.35	10.87	13.61
2014	6	588.95	49.1	21.5	10.19	72.4	11.31	15.84
2014	7	632.32	59.2	26.96	14.91	71.06	12.06	20.94
2014	8	487.99	73.9	23.08	12.72	76.81	10.36	17.9
2014	9	360.93	47.2	20.38	9.87	80.23	10.51	15.12
2014	10	226.86	25.9	15.08	6.03	85.39	9.05	10.55
2014	11	89.38	23.3	8.1	3.26	88.7	4.84	5.68
2014	12	60.11	62.6	3.26	-1.38	87.45	4.65	0.94
2015	1	73.88	35.5	3.75	-0.77	85.42	4.52	1.49
2015	2	156.5	10.7	4.19	-2.03	82.75	6.22	1.08
2015	3	325.42	38.8	9.9	0.41	74.06	9.49	5.16
2015	4	497.4	27.1	13.74	2.49	67.87	11.25	8.11
2015	5	544.88	30.8	18.68	7.57	69.94	11.11	13.13
2015	6	584.39	49.7	22.72	10.56	68.33	12.16	16.64
2015	7	634.71	49.5	26.25	13.23	66.42	13.02	19.74
2015	8	607.77	23.4	29.44	14.86	57.1	14.57	22.15
2015	9	339.87	35.6	20.55	9.85	75.9	10.7	15.2
2015	10	211.88	39.1	12.16	2.95	80.16	9.22	7.56
2015	11	105.58	49.7	8.7	2.46	85.17	6.24	5.58
2015	12	68.21	20.1	7.6	2.41	85.26	5.19	5.01
2016	1	89.01	25.2	0.16	-5.49	85.13	5.65	-2.66
2016	2	135.1	67.4	6.62	0.6	83.21	6.02	3.61
2016	3	279.15	35.2	7.85	0.63	80.71	7.23	4.24
2016	4	451.79	33.8	14.11	3.83	70.93	10.28	8.97
2016	5	643.93	61.8	21.28	8.43	69.03	12.85	14.86
2016	6	661.13	43.5	25.07	12.03	68.03	13.03	18.55
2016	7	562.02	103.6	24.64	13.54	73.52	11.11	19.09
2016	8	502.97	29.7	24.03	12.25	74.61	11.78	18.14
2016	9	388.91	20.9	23.18	9.38	74.47	13.81	16.28
2016	10	136.47	126.1	10.47	4.87	87.94	5.6	7.67
2016	11	99.38	59.5	6	0.57	87.97	5.44	3.28
2016	12	63.89	62	3.5	-1.27	88.06	4.77	1.11
2017	1	106.32	18.7	-0.71	-7.26	84.06	6.55	-3.99
2017	2	152.49	45.3	2.41	-3.6	82.14	6.01	-0.6
2017	3	299.34	47.9	10.55	2.22	76.97	8.33	6.38
2017	4	404.33	68.9	12.12	2.97	75.1	9.15	7.55
2017	5	580.96	39.2	19.3	8.1	71.74	11.2	13.7
2017	6	601.25	107	23.63	11.95	69.47	11.68	17.79
2017	7	568.36	68.1	23.86	12.74	74.26	11.13	18.3
2017	8	521	59.8	25.67	13.66	73.35	12.01	19.67
2017	9	260.71	162.9	17.29	10.23	83.47	7.06	13.76
2017	10	176.38	92.8	13.57	6.86	85.87	6.71	10.21
2017	11	85.75	55.8	7.36	2.72	88.77	4.64	5.04
2017	12	59.83	39.4	4.49	0.2	86.77	4.29	2.35
2018	1	87.47	34.6	3.48	-1.38	85.13	4.86	1.05
2018	2	168.97	6	-0.09	-6	80.68	5.91	-3.04
2018	3	303.26	21.8	5.05	-3.23	74.26	8.28	0.91
2018	4	525.56	43.6	20.21	6.5	67.1	13.71	13.36
2018	5	665.08	72.3	23.34	10.01	65.26	13.33	16.67
2018	6	612.96	31.8	24.67	11.86	67.93	12.81	18.26
2018	7	604.52	122.4	25.79	14.29	71.48	11.5	20.04
2018	8	550.44	50.4	26.63	14.23	69.74	12.39	20.43
2018	9	384.97	45.9	21.8	9.76	72.53	12.04	15.78
2018	10	240.09	71	15.84	5.35	77.9	10.49	10.6
2018	11	108.01	7	7.91	1.62	85.77	6.29	4.76
2018	12	55.31	56.5	3.6	-0.34	89.06	3.94	1.63
2019	1	80.93	53.3	1.07	-4.35	85.71	5.43	-1.64
2019	2	178.71	36.7	7.42	-0.73	78.5	8.15	3.34
2019	3	314.77	33.7	11.02	1.71	74.68	9.31	6.37
2019	4	508.82	24.8	16.57	3.38	62.17	13.19	9.98
2019	5	522.42	47	17.86	7.27	75.55	10.59	12.57
2019	6	716.65	33.2	28.92	14.43	64.43	14.5	21.67
2019	7	585.42	45.3	25.05	12.75	66.1	12.31	18.9
2019	8	521.13	42.9	26.95	13.78	69.68	13.16	20.36
2019	9	355.38	72.4	19.92	9.42	77.97	10.5	14.67
2019	10	232.23	23.2	16.21	6.29	83.16	9.92	11.25
2019	11	110.82	16.7	9.81	3.02	87.83	6.79	6.42
2019	12	67.38	29.2	5.78	0.44	85.32	5.34	3.11
