yyyy	mm	SLR	PCP	MAX	MIN	HMD	DIF	TAS
1990	1	95.78	7.6	5.71	-0.27	83.03	5.98	2.72
1990	2	185.81	23.8	11.09	1.53	76.11	9.56	6.31
1990	3	298.65	20	12.69	3.28	73.39	9.42	7.99
1990	4	418.97	36.8	13.62	2.99	73.67	10.63	8.3
1990	5	648.49	22.3	21.07	7.28	66.03	13.8	14.18
1990	6	532.25	81.7	22.01	11.39	77.2	10.62	16.7
1990	7	570.19	14.3	23.7	11.51	70.03	12.2	17.6
1990	8	517.43	50.6	26.05	11.79	70.29	14.27	18.92
1990	9	271.33	48.4	16.57	8.93	81.67	7.64	12.75
1990	10	244.75	27.3	16.23	5.03	77.84	11.21	10.63
1990	11	83.66	50.5	7.72	2.27	88	5.45	4.99
1990	12	68.11	47.1	2.7	-1.58	88.32	4.29	0.56
1991	1	95.14	10.8	4.59	-1.8	83.32	6.39	1.4
1991	2	179.15	17.8	0.6	-7.83	82.25	8.43	-3.62
1991	3	288.76	28.8	10.92	1.89	81.58	9.03	6.41
1991	4	453.55	30.2	13.5	3.06	76	10.44	8.28
1991	5	468.85	60.3	15.12	5.4	77.06	9.72	10.26
1991	6	566.09	70.5	20.66	9.67	75.63	11	15.16
1991	7	595.23	54.7	25.93	13.24	73.26	12.69	19.58
1991	8	461.14	58.4	24.48	12.99	76.13	11.49	18.74
1991	9	366.08	22.2	21.93	9.22	75.37	12.71	15.57
1991	10	241.96	12.7	13.54	3.76	80.29	9.78	8.65
1991	11	98.69	52.1	6.85	0.89	87.03	5.96	3.87
1991	12	71.31	38.9	2.65	-3.37	87.87	6.03	-0.36
1992	1	83.73	35.9	3.25	-2.17	86.35	5.43	0.54
1992	2	158.93	39.2	6.25	-0.14	85.31	6.39	3.06
1992	3	310.8	79.1	9.15	0.79	78	8.36	4.97
1992	4	455.52	20.7	14.15	3.42	70.7	10.73	8.79
1992	5	562.11	31.2	20.55	7.45	68.19	13.1	14
1992	6	609.14	55.3	25.27	11.86	67.07	13.41	18.56
1992	7	602.97	49.7	26.75	13.57	66.16	13.17	20.16
1992	8	521.84	61.1	29.45	14.82	65.29	14.64	22.14
1992	9	362.62	22.5	20.46	8.96	74.17	11.5	14.71
1992	10	203.34	32.1	11.89	2.9	82.06	8.99	7.39
1992	11	112.42	22.8	8.35	1.75	85.13	6.6	5.05
1992	12	74.97	30	2.45	-2.92	88.77	5.37	-0.24
1993	1	98.19	23	5.5	-2.54	77.97	8.04	1.48
1993	2	156.5	33.3	2.76	-4.05	85.68	6.81	-0.64
1993	3	316.33	34.1	6.94	-0.95	78.45	7.89	3
1993	4	523.25	14	15.9	3.65	66.13	12.25	9.77
1993	5	592.26	59.1	22.65	9.41	68.39	13.24	16.03
1993	6	560.49	65.9	21.43	10.85	72.5	10.58	16.14
1993	7	549.94	101.9	22.85	11.75	75.1	11.09	17.3
1993	8	497.97	35.2	23	11.49	73.03	11.51	17.25
1993	9	305.28	56.9	18.29	9.07	81.2	9.22	13.68
1993	10	201.73	50.9	13.26	4.52	83.45	8.74	8.89
1993	11	107.16	33.7	2.59	-3.16	89.17	5.75	-0.28
1993	12	78	68.5	5.66	0.09	84.19	5.57	2.88
1994	1	91.75	28.5	6.22	0.87	84	5.35	3.54
1994	2	164.6	19.8	2.46	-4.63	82.29	7.09	-1.08
1994	3	274.21	66.2	10.27	2.4	80	7.87	6.33
1994	4	427.74	65.7	14.31	3.62	73.2	10.69	8.97
1994	5	531.68	49.1	18.86	7.7	73.13	11.16	13.28
1994	6	624.16	44.2	22.77	10.46	70.23	12.3	16.62
1994	7	673.72	35.2	29.3	13.78	63.26	15.52	21.54
1994	8	479.29	69.9	24.91	13.51	73.13	11.39	19.21
1994	9	310.65	50.8	19.35	10.37	82.53	8.98	14.86
1994	10	239.68	21.6	12.71	2.9	82.52	9.81	7.8
1994	11	105.18	19.7	9.11	2.35	85.33	6.76	5.73
1994	12	70.97	38.2	5.57	-0.06	87.32	5.63	2.76
1995	1	94.99	30.6	2.68	-3.19	84.68	5.86	-0.25
1995	2	150.56	30.2	8.39	1.17	80.18	7.21	4.78
1995	3	323.48	24.6	8.45	-0.21	77	8.66	4.12
1995	4	419.19	22.9	13.78	4.32	74.17	9.46	9.05
1995	5	592.46	83.5	18.87	6.85	70.65	12.01	12.86
1995	6	536.92	99.9	21.17	11.1	78.67	10.07	16.13
1995	7	673.56	48.4	27.89	13.75	69.35	14.14	20.82
1995	8	532.76	74	25.29	12.61	69.9	12.68	18.95
1995	9	286.35	86.3	17.95	9.7	83.83	8.25	13.83
1995	10	225.25	8.1	16.72	6.86	84.52	9.86	11.79
1995	11	103.82	51.6	4.5	-1.64	88.03	6.14	1.43
1995	12	72.42	26.7	-0.64	-5.79	87.71	5.15	-3.21
1996	1	102.73	6.9	-2.5	-7.88	87.42	5.38	-5.19
1996	2	184.31	22.9	-0.27	-7.84	83.31	7.57	-4.06
1996	3	322.89	25.1	3.23	-3.59	82.19	6.82	-0.18
1996	4	475.66	28.1	14.19	2.46	72.7	11.73	8.32
1996	5	461.51	71.3	18.16	8.64	80.06	9.53	13.4
1996	6	581.65	46.7	22.64	11.34	73.97	11.29	16.99
1996	7	525.6	125.7	22.06	11.66	78.23	10.4	16.86
1996	8	460.54	73.7	23.98	12.54	79.26	11.44	18.26
1996	9	239.06	67.1	14.6	7.72	86.77	6.88	11.16
1996	10	192.35	42.3	14.57	6.73	85.81	7.85	10.65
1996	11	102.87	10.1	9.11	3.3	86.13	5.81	6.21
1996	12	86.71	12.9	-0.94	-7.67	88.1	6.74	-4.31
1997	1	100.46	7.2	-0.87	-7.13	89.52	6.26	-4
1997	2	168.14	25.9	7.14	-0.13	80.32	7.27	3.5
1997	3	322.89	23.5	9.84	0.15	77.94	9.68	4.99
1997	4	464.39	38.2	11.21	1.37	72.2	9.84	6.29
1997	5	548.05	85.5	19.66	8.65	75.58	11.01	14.15
1997	6	590.6	38.7	22.97	11.19	73.23	11.78	17.08
1997	7	484.86	267.3	23.29	13.4	80.94	9.89	18.34
1997	8	545.61	65.3	26.19	12.77	74.29	13.42	19.48
1997	9	363.48	23.3	20.17	8.88	79.87	11.29	14.53
1997	10	211.53	49.8	11.8	4.01	83.81	7.79	7.91
1997	11	101.22	34.3	6.53	0.65	88.17	5.88	3.59
1997	12	65.53	40.1	4.64	-0.74	89.32	5.37	1.95
1998	1	94.93	45.6	5.22	-0.93	86.19	6.14	2.15
1998	2	144.4	24.8	8.94	0.87	81.25	8.07	4.91
1998	3	331.01	44.8	8.56	-0.42	78.71	8.98	4.07
1998	4	417.66	55.6	16.21	5.63	75.27	10.58	10.92
1998	5	599.96	27.1	21.18	8.48	70.03	12.7	14.83
1998	6	513.16	113.4	23.33	12.5	75.9	10.83	17.91
1998	7	532.25	56.9	23.71	13.11	75.74	10.59	18.41
1998	8	513.1	44.6	23.75	11.99	75.29	11.76	17.87
1998	9	281.45	98.1	18.79	9.86	84.5	8.93	14.32
1998	10	172.48	76.8	12.55	5.85	83.65	6.7	9.2
1998	11	102.46	27.4	3.62	-1.73	88.5	5.35	0.95
1998	12	81.49	19.9	3.06	-3.04	86.32	6.11	0.01
1999	1	97.13	21	5.59	-1.38	86.35	6.97	2.1
1999	2	154.32	51.2	3	-2.98	86.57	5.98	0.01
1999	3	304.18	63.9	10.1	1.6	80.06	8.5	5.85
1999	4	449.06	36.4	15.31	4.85	76.33	10.46	10.08
1999	5	635.41	54.3	20.49	7.75	69.68	12.74	14.12
1999	6	448.38	109.2	21.45	10.86	79.17	10.6	16.15
1999	7	574.45	57.4	25.91	13.78	71.97	12.13	19.84
1999	8	491.16	14.2	24.51	11.41	70.74	13.1	17.96
1999	9	376.41	24	23.7	11.02	76.4	12.68	17.36
1999	10	190.87	25.2	13.85	5.63	83.74	8.22	9.74
1999	11	103.26	30.9	6.37	0.15	89.3	6.21	3.26
1999	12	78.1	23.2	4.64	-1.12	84.61	5.75	1.76
2000	1	85.95	41.4	2.75	-3.42	86.71	6.16	-0.34
2000	2	157.44	37.8	7.32	0.76	82.93	6.57	4.04
2000	3	267.58	72.7	9.13	1.62	82.77	7.51	5.38
2000	4	489.7	11.7	18.65	5.96	71.47	12.69	12.3
2000	5	645.11	98.1	22.79	8.69	66.55	14.1	15.74
2000	6	649.54	31.5	24.44	11.67	67.33	12.77	18.06
2000	7	427.31	112.9	21.28	12.62	80.16	8.66	16.95
2000	8	518.17	66.1	25.48	12.72	75.74	12.76	19.1
2000	9	316.98	39.8	18.67	8.75	81.4	9.92	13.71
2000	10	194.65	15.9	17.14	8.5	83.42	8.64	12.82
2000	11	111.57	41	11.21	3.33	86.87	7.88	7.27
2000	12	76.48	17.7	5.41	-0.25	89.29	5.66	2.58
2001	1	94.55	15.7	3.42	-2.08	88.77	5.51	0.67
2001	2	171.43	27.9	5.65	-2.44	84.29	8.09	1.61
2001	3	253.34	75.7	7.57	0.05	83.74	7.53	3.81
2001	4	421.38	41.3	13.39	3.31	77.97	10.09	8.35
2001	5	580.64	71.2	20.91	8.68	70.23	12.23	14.79
2001	6	502.08	61.6	20.35	9.95	78.27	10.4	15.15
2001	7	532.73	244	24.88	14.32	77.35	10.56	19.6
2001	8	465.05	50.7	25.49	13.97	78.42	11.52	19.73
2001	9	227.06	97	16.28	9.2	87.03	7.08	12.74
2001	10	206.96	29.9	17.75	8.58	85.71	9.17	13.17
2001	11	100.66	33.1	6.51	0.46	87	6.06	3.48
2001	12	68.54	37.2	1.25	-4.79	87.77	6.04	-1.77
2002	1	95.83	21.1	4.08	-3.02	85.65	7.1	0.53
2002	2	161.76	45.1	9.4	1.17	80.96	8.23	5.29
2002	3	320.5	20.1	10.66	0.9	76.29	9.76	5.78
2002	4	425.35	32	14.19	4.14	74.67	10.05	9.16
2002	5	580.23	45.9	23.16	10.94	73.26	12.22	17.05
2002	6	577.99	48.2	24.21	12.43	73.5	11.78	18.32
2002	7	533.58	52.3	26.87	13.97	72.87	12.9	20.42
2002	8	497.34	160.9	26.89	14.71	76.06	12.18	20.8
2002	9	324.04	40	19.07	8.71	79.5	10.35	13.89
2002	10	185.07	59.2	12.25	4.75	84.23	7.5	8.5
2002	11	91.81	65.8	8.71	1.92	87.43	6.79	5.31
2002	12	76.05	21.4	-0.1	-6.19	87.39	6.1	-3.15
2003	1	86.86	42.2	1.67	-4.96	87.84	6.64	-1.65
2003	2	183.25	4.1	1.48	-7.08	83.18	8.56	-2.8
2003	3	351.58	16.9	9.44	-0.73	78.97	10.16	4.35
2003	4	508.6	15.1	14.34	2.32	69.13	12.01	8.33
2003	5	623.47	69	22.21	9.78	70.77	12.43	15.99
2003	6	648.82	33.6	25.81	12.95	64.6	12.86	19.38
2003	7	540.91	65	25.76	13.69	73.45	12.07	19.72
2003	8	585	34.3	27.63	13.1	65.29	14.53	20.37
2003	9	363.26	44	21.4	8.55	74.27	12.85	14.98
2003	10	198.35	40.6	10.22	2.37	83.71	7.85	6.29
2003	11	115.12	17.2	10.02	2.29	88.13	7.73	6.15
2003	12	80.01	33.3	5.09	-1.34	85.94	6.43	1.88
2004	1	101.22	38.6	0.32	-6.19	85.84	6.52	-2.94
2004	2	139.6	38.3	5	-0.9	83.14	5.9	2.05
2004	3	288.8	41.3	8.69	0.81	79.29	7.88	4.75
2004	4	476.88	22.2	15.64	4.3	70.57	11.34	9.97
2004	5	573.77	45.6	18.06	7.46	73.03	10.6	12.76
2004	6	577.63	54	22.34	10.86	72	11.48	16.6
2004	7	579.11	67.7	24.41	12.67	74	11.74	18.54
2004	8	521.4	55.4	26.45	13.4	72.81	13.05	19.93
2004	9	369.38	22.2	20.53	8.7	75.23	11.83	14.61
2004	10	221.25	33.5	15.9	6.32	82.61	9.59	11.11
2004	11	87.26	70.2	7.49	2.04	87.9	5.45	4.77
2004	12	74.3	19.4	4.37	-1.14	88.74	5.51	1.61
2005	1	96.64	46.2	4.62	-0.77	84.55	5.4	1.92
2005	2	167.59	44.8	1.69	-4.48	84.79	6.16	-1.39
2005	3	363.66	14.4	6.81	-2.63	77.48	9.44	2.09
2005	4	501.33	24.3	16.16	3.36	66.8	12.8	9.76
2005	5	596.45	89	19.99	8.35	72.39	11.64	14.17
2005	6	613.79	72.1	22.43	10.85	69.93	11.58	16.64
2005	7	556.14	110	25.67	14.06	72.55	11.62	19.87
2005	8	507.52	67	23.4	11.87	75.35	11.53	17.64
2005	9	417.96	37.9	22.36	9.08	76.53	13.28	15.72
2005	10	252.89	3	16.48	5.2	80.74	11.28	10.84
2005	11	118.49	24.5	7.37	-0.02	88.03	7.39	3.68
2005	12	61.33	78.6	2.9	-1.73	90.26	4.64	0.59
2006	1	113.58	25.2	-1.45	-9.19	86.1	7.74	-5.32
2006	2	146.97	36.3	1.5	-4.65	87.43	6.15	-1.57
2006	3	293.31	29.7	4.72	-2.41	82.55	7.13	1.15
2006	4	467.14	56.3	15.13	4.74	73.2	10.39	9.94
2006	5	622.48	27.7	20.05	8.15	67.35	11.91	14.1
2006	6	630.97	93.2	24.57	11.95	68.5	12.62	18.26
2006	7	715.64	29	30.59	15.27	58.23	15.32	22.93
2006	8	415.85	250.8	21.96	13.3	80.06	8.66	17.63
2006	9	404.52	15.6	23.34	10.86	75.63	12.49	17.1
2006	10	220.37	58.4	16.76	6.85	81.84	9.91	11.81
2006	11	105.34	54.5	10.87	3.6	86.5	7.27	7.23
2006	12	74.31	27.4	7.59	1.68	87.68	5.9	4.64
2007	1	85.44	57.5	8.17	1.9	82.16	6.27	5.03
2007	2	137.24	46.3	6.51	0.11	84.64	6.4	3.31
2007	3	319.86	46.8	11.7	2.07	75.52	9.63	6.88
2007	4	561.68	2	18.05	3.63	61.13	14.41	10.84
2007	5	601.07	60.2	22.01	8.99	68.97	13.01	15.5
2007	6	586.96	95.7	25.28	12.97	71.8	12.3	19.13
2007	7	566.78	122.5	24.82	13.75	73.52	11.06	19.29
2007	8	515.76	46.1	24.81	12.93	73.39	11.87	18.87
2007	9	312.94	36.8	18.53	8.69	80.83	9.84	13.61
2007	10	186.66	22.5	12.78	4.7	85.58	8.08	8.74
2007	11	98.4	51.3	5.85	0.42	88.63	5.43	3.13
2007	12	70.08	19.2	3.57	-1.4	89	4.97	1.09
2008	1	87.8	53.2	6.27	0.14	84.71	6.13	3.2
2008	2	154.81	19.5	8.18	0.77	80.1	7.41	4.47
2008	3	331.17	38.9	9.1	1.04	77.39	8.05	5.07
2008	4	417.54	64.3	14.3	3.75	76.7	10.55	9.02
2008	5	608.28	30.8	20.09	7.98	69.94	12.11	14.03
2008	6	635.31	37.3	25.07	11.33	63.87	13.74	18.2
2008	7	602.78	74.2	26.23	13.4	69.42	12.82	19.81
2008	8	462.36	66.7	25.01	13.25	73.29	11.76	19.13
2008	9	307.16	20.9	18.55	9.29	80.63	9.26	13.92
2008	10	213.1	53.5	14.99	5.71	85.48	9.28	10.35
2008	11	105.85	26.5	9.27	2.88	87.07	6.38	6.08
2008	12	66.19	23.3	4.99	-0.53	88.32	5.52	2.23
2009	1	98.3	33.9	0.76	-5.97	88.39	6.73	-2.6
2009	2	142.84	55.3	2.96	-2.06	88.04	5.03	0.45
2009	3	262.26	44.5	8.39	1.76	81.65	6.63	5.08
2009	4	584.16	6.6	19.34	4.66	63.7	14.69	12
2009	5	566.27	91.8	20.41	7.7	70.06	12.71	14.06
2009	6	496.05	148.6	21.02	11.12	77.87	9.89	16.07
2009	7	616.23	99.4	25.67	14.02	73.87	11.65	19.85
2009	8	541.09	42.8	26.09	13.15	70.65	12.95	19.62
2009	9	341.67	8.4	21.81	10.18	78.13	11.64	15.99
2009	10	162.8	70.8	11.31	4.71	87.23	6.6	8.01
2009	11	120.08	20	11	3.66	86.4	7.34	7.33
2009	12	67.84	51.5	2.53	-3.19	88.77	5.71	-0.33
2010	1	113.84	42	-3.14	-8.76	87.81	5.62	-5.95
2010	2	175.98	11.1	2.61	-4.29	84.75	6.91	-0.84
2010	3	328.49	36.2	9.32	-0.11	77.23	9.44	4.6
2010	4	516.19	43.8	15.49	3.53	70.73	11.96	9.51
2010	5	401.56	100.7	16.69	9.09	82.65	7.6	12.89
2010	6	597.27	37.6	23.13	11.05	71.4	12.08	17.09
2010	7	598.39	109.6	27.85	15.11	68.84	12.74	21.48
2010	8	452.53	150.2	24.32	13.93	79.71	10.39	19.12
2010	9	325.17	116.6	18	8.42	83.63	9.58	13.21
2010	10	246.32	2.9	12.22	2.44	81.16	9.78	7.33
2010	11	89.89	73.8	9.34	3.07	88.43	6.27	6.2
2010	12	81.05	63.7	-1.56	-9.29	89.42	7.73	-5.42
2011	1	85.39	36.1	3.38	-2.45	90.16	5.83	0.46
2011	2	169.76	12.8	1.95	-5.43	79.39	7.38	-1.74
2011	3	346.62	30.8	10.38	-0.62	73.61	11	4.88
2011	4	464.2	18.7	17.98	5.92	67.5	12.06	11.95
2011	5	643.5	43.7	21.29	7.45	66.03	13.84	14.37
2011	6	610.39	44.2	25.14	12.69	68.77	12.45	18.91
2011	7	499.96	177.2	23.31	13.14	78.52	10.17	18.22
2011	8	507.84	66.8	25.14	13.64	75.68	11.5	19.39
2011	9	377.54	29.5	22.13	10.17	77.73	11.97	16.15
2011	10	227.14	46.2	14.83	5.25	83.1	9.57	10.04
2011	11	143.63	0.2	8.87	-0.2	86.97	9.07	4.33
2011	12	74.41	35	6.72	1.01	85.39	5.72	3.86
2012	1	90.15	54.6	3.7	-1.47	84.94	5.17	1.11
2012	2	158.93	40.2	-0.42	-7.89	81.76	7.47	-4.16
2012	3	323.12	14.3	11.69	1.89	74.29	9.8	6.79
2012	4	476.7	41.3	15.33	3.91	67.53	11.42	9.62
2012	5	617.41	36.2	22.13	8.74	65.13	13.39	15.43
2012	6	533.04	88.2	22.69	11.83	75.57	10.86	17.26
2012	7	615.51	104.9	25.75	14.19	74.55	11.56	19.97
2012	8	522.98	72.3	25.84	13.22	73.1	12.62	19.53
2012	9	349.37	32.6	20.74	9.59	78.17	11.15	15.16
2012	10	211.66	31.3	13.93	4.45	84.71	9.48	9.19
2012	11	99.81	28.3	9.22	2.62	88.83	6.6	5.92
2012	12	81.75	28.1	2.81	-3.8	87.29	6.62	-0.5
2013	1	84.65	63.8	0.98	-4.07	88.06	5.05	-1.55
2013	2	129.95	39.3	1.88	-1.84	89.61	3.71	0.02
2013	3	295.52	39.9	2.77	-4.08	78.23	6.85	-0.66
2013	4	406.83	37.4	14.05	4.3	73.97	9.75	9.18
2013	5	507.12	93.9	19.03	9.51	76.74	9.52	14.27
2013	6	519.33	163.1	22.24	12.45	77.97	9.79	17.34
2013	7	656.69	40.4	26.65	13.46	70.35	13.19	20.06
2013	8	525.71	50	25.6	12.68	71.03	12.92	19.14
2013	9	277.86	111.2	17.87	8.88	82.67	8.99	13.38
2013	10	239.38	9.3	16.7	6.58	81.42	10.12	11.64
2013	11	85.34	28.5	8.57	2.5	88.43	6.07	5.54
2013	12	83.49	14.2	6.66	0.17	85.61	6.49	3.41
2014	1	92.63	34.6	3.73	-1.91	87.03	5.64	0.91
2014	2	194.69	1	9.59	0.24	79.75	9.35	4.91
2014	3	333.9	51.6	13.27	1.77	75.74	11.51	7.52
2014	4	447.04	34.1	16.78	5.45	75.77	11.33	11.12
2014	5	516.75	113.1	19.05	8.4	75.39	10.65	13.73
2014	6	623.02	30.9	22.52	10.77	70.8	11.75	16.64
2014	7	622.95	78.1	27.79	15.17	70.45	12.62	21.48
2014	8	489.54	58.9	23.66	12.82	75.97	10.84	18.24
2014	9	333	84.1	20.73	11.49	82.13	9.23	16.11
2014	10	212.31	50.8	16.55	7.45	85.26	9.1	12
2014	11	100.53	9.5	10.04	4.13	88.83	5.91	7.09
2014	12	68.27	14.9	5.16	0.15	85.19	5.02	2.65
2015	1	83.61	42.1	5.45	0.05	84.97	5.39	2.75
2015	2	167.08	9.5	5.74	-1.82	83	7.56	1.96
2015	3	334.78	37.2	11.28	1.02	73.94	10.25	6.15
2015	4	513.52	25.7	15.21	3.03	66.97	12.19	9.12
2015	5	566.99	33.4	19.54	7.38	68.77	12.16	13.46
2015	6	579.3	74.1	22.78	10.73	70.5	12.06	16.75
2015	7	635.68	54.5	27.53	13.98	65.77	13.55	20.76
2015	8	574.91	20.6	30.5	15.08	61.13	15.42	22.79
2015	9	367.65	27.7	21.74	9.78	74.13	11.96	15.76
2015	10	207.2	38.5	13.3	4.33	80.77	8.97	8.82
2015	11	111.3	54.1	11.05	3.08	84.1	7.96	7.07
2015	12	76.75	20	9.64	2.5	84.9	7.15	6.07
2016	1	95.84	41.2	2.66	-4.37	84.97	7.04	-0.85
2016	2	151.72	49.9	8.03	1.38	81.86	6.65	4.71
2016	3	273.69	59.9	8.54	1.31	82	7.23	4.92
2016	4	448.26	38.3	14.46	3.69	71.27	10.77	9.08
2016	5	616.09	43.9	21.02	9.01	69.45	12.01	15.01
2016	6	607.11	58.5	25.06	12.64	70.37	12.42	18.85
2016	7	571.98	123.3	25.96	13.88	72.81	12.07	19.92
2016	8	496.07	25.2	24.86	12.32	73.9	12.55	18.59
2016	9	382.68	51.9	23.9	10.34	74	13.55	17.12
2016	10	166.81	90.8	11.98	6.19	87.55	5.78	9.09
2016	11	104.21	40.5	7.22	1.11	86.47	6.11	4.17
2016	12	76.51	35	4.93	-1.23	87.32	6.16	1.85
2017	1	107.34	19.5	0.53	-6.82	84.45	7.34	-3.15
2017	2	154.54	28	4.93	-1.62	81.71	6.55	1.65
2017	3	314.73	31	12.18	2.67	76.32	9.52	7.43
2017	4	402.24	53.1	13.03	4.17	74.87	8.86	8.6
2017	5	566.43	30.8	20.46	8.53	71.81	11.93	14.5
2017	6	642.5	64.7	25.09	12.37	68.67	12.72	18.73
2017	7	572.18	114.9	25.39	13.61	73.77	11.78	19.5
2017	8	540.14	84.4	26.01	13.8	73.35	12.21	19.9
2017	9	291.67	62.7	18.35	9.3	82.07	9.05	13.82
2017	10	189.43	67.8	15.76	7.73	84.55	8.03	11.74
2017	11	89.66	33.5	8.41	3.13	87.6	5.28	5.77
2017	12	70.6	34.3	5.55	0.41	84.9	5.14	2.98
2018	1	84.24	32	5.78	0.53	84.39	5.25	3.15
2018	2	181.99	2.6	1.46	-5.21	78.61	6.68	-1.87
2018	3	302.97	32	6.04	-2.82	74.19	8.85	1.61
2018	4	530.67	23.6	20.63	6.94	67	13.69	13.79
2018	5	645.94	39.8	23.29	10.04	65.32	13.25	16.67
2018	6	584.37	53.5	25.44	13.27	66.4	12.17	19.36
2018	7	644.24	66.1	26.98	14.09	66.87	12.89	20.53
2018	8	559.76	25.6	28.95	14.73	64.19	14.23	21.84
2018	9	374.64	61.7	23.03	10.55	71.03	12.48	16.79
2018	10	250.84	42.7	17.19	5.92	76.45	11.28	11.55
2018	11	113.49	13	9.13	2.03	84.97	7.09	5.58
2018	12	52.45	48.4	5.53	0.92	88.16	4.61	3.23
2019	1	85.95	58.2	2.47	-2.83	86.58	5.29	-0.18
2019	2	184.74	28.6	8.19	-0.61	78.57	8.81	3.79
2019	3	310.93	35.7	11.64	2.57	76.84	9.06	7.1
2019	4	504.85	23	16.82	3.69	62.13	13.13	10.26
2019	5	519.58	86.7	17.44	6.59	73.35	10.85	12.01
2019	6	694.54	25.5	28.93	14.51	62.93	14.42	21.72
2019	7	602.6	42.3	26.07	13.24	65.32	12.83	19.65
2019	8	525.16	63.3	27.14	14.09	70.97	13.05	20.62
2019	9	353.95	50	20.42	9.43	76.3	10.99	14.93
2019	10	230.76	33.5	16.71	6.3	84.58	10.4	11.5
2019	11	116.63	39.9	10.49	3.55	87.1	6.94	7.02
2019	12	76.04	20.2	6.45	0.75	85.03	5.7	3.6
