yyyy	mm	SLR	PCP	MAX	MIN	HMD	DIF	TAS
1990	1	90.28	12.3	4.88	-1.05	84.06	5.94	1.91
1990	2	179.19	26.8	10.78	1.32	77.32	9.46	6.05
1990	3	298.17	21	12.63	2.98	73.71	9.65	7.8
1990	4	411.12	43.9	13.41	3.63	76.1	9.78	8.52
1990	5	626.06	43.8	20.95	7.4	68.81	13.55	14.18
1990	6	537.63	94.2	22.58	11.06	76.63	11.52	16.82
1990	7	552.12	26.4	23.87	11.43	71.68	12.45	17.65
1990	8	517.36	40.3	25.89	11.47	71.77	14.42	18.68
1990	9	270.2	79.6	16.3	8.88	82.83	7.42	12.59
1990	10	243.97	23.2	16.17	4.72	78.87	11.45	10.45
1990	11	73.48	44.6	7.83	2.55	87.7	5.28	5.19
1990	12	74.65	45.3	2.05	-2.23	89	4.28	-0.09
1991	1	100.72	16	3.75	-2.8	84.55	6.55	0.48
1991	2	179.27	17.2	0.51	-8.07	82.61	8.58	-3.78
1991	3	281.75	21.9	10.76	1.85	82.19	8.92	6.3
1991	4	468.7	66	13.26	3.13	78.1	10.13	8.2
1991	5	473.56	73	15.24	5.34	78.32	9.91	10.29
1991	6	579.23	77.5	21.24	9.88	76.43	11.36	15.56
1991	7	573.44	79.9	25.64	13.29	76.68	12.35	19.47
1991	8	447.4	69.6	24.16	13.06	79.26	11.1	18.61
1991	9	370.35	49.9	21.43	9.27	77.5	12.16	15.35
1991	10	242.34	14.6	13.02	3.89	81.97	9.13	8.46
1991	11	102.47	76.7	6.81	1.24	87.27	5.57	4.03
1991	12	75.53	53.4	1.59	-3.8	87.94	5.39	-1.1
1992	1	87.07	44.4	2.71	-2.67	86.71	5.38	0.02
1992	2	173.85	41.4	5.5	-0.87	85.59	6.37	2.32
1992	3	309.12	74.1	8.85	0.37	78.48	8.48	4.61
1992	4	436.86	26.5	13.99	4.05	72.07	9.94	9.02
1992	5	549.31	23	20.31	7.41	69.84	12.89	13.86
1992	6	606.94	59.9	25.06	11.77	70.2	13.3	18.42
1992	7	645.08	61.4	26.98	13.42	67.19	13.56	20.2
1992	8	562.79	40.3	29.88	15.07	63.48	14.8	22.48
1992	9	340.13	31.5	20.45	8.73	75.53	11.72	14.59
1992	10	208.13	68.3	11.56	3.22	83.58	8.34	7.39
1992	11	114.38	28.4	7.85	1.8	85.83	6.05	4.82
1992	12	79.56	59.6	2	-3.14	89.1	5.14	-0.57
1993	1	105.29	25.8	4.74	-3	79.06	7.74	0.87
1993	2	161.48	39.8	2.43	-4.37	85.64	6.8	-0.97
1993	3	319.71	40.9	6.31	-1.56	80.48	7.87	2.37
1993	4	505.67	12.4	15.48	3.21	70.33	12.27	9.34
1993	5	608.37	41.2	22.94	9.34	70.35	13.61	16.14
1993	6	529.64	91.3	21.67	10.92	74.43	10.75	16.3
1993	7	559.52	57.1	23.2	11.61	74.87	11.59	17.41
1993	8	511.42	46.2	23.87	11.2	73	12.67	17.54
1993	9	335.5	60.6	19.01	8.82	79.6	10.19	13.92
1993	10	201.15	42.4	13.28	4.96	83.84	8.32	9.12
1993	11	117.56	37.1	3.18	-2.99	88.23	6.17	0.1
1993	12	76.42	56.6	5.1	-0.08	84.19	5.18	2.51
1994	1	95.76	33.1	6.01	0.73	83.55	5.29	3.37
1994	2	166.01	10.4	3.03	-4.35	82.71	7.38	-0.66
1994	3	293.49	64.1	10.15	2.36	79.84	7.79	6.26
1994	4	434.35	64.1	14.69	3.97	75.1	10.72	9.33
1994	5	546.67	58.4	19.28	7.52	74.29	11.76	13.4
1994	6	619.67	31.7	23.1	10.67	70.23	12.43	16.89
1994	7	684.6	46.2	29.62	13.51	62.52	16.11	21.56
1994	8	473.45	74	25.34	13.76	72.39	11.57	19.55
1994	9	314.76	92.5	20.13	10.67	82.4	9.45	15.4
1994	10	225.64	41.3	12.38	2.87	83.39	9.51	7.62
1994	11	109.82	28.7	8.24	1.58	85.33	6.66	4.91
1994	12	75.19	48.4	4.76	-0.52	86.61	5.28	2.12
1995	1	101.57	35.4	2.16	-3.39	84.29	5.55	-0.62
1995	2	151.08	37.1	7.81	0.77	80.54	7.04	4.29
1995	3	328.66	34.5	7.96	-0.3	77.9	8.26	3.83
1995	4	437.8	50.2	13.67	4.13	75.4	9.54	8.9
1995	5	574.98	65.5	18.96	6.66	72.39	12.29	12.81
1995	6	542.69	70.1	21.91	11.28	78.73	10.63	16.59
1995	7	660.18	67.9	28.01	13.71	71.19	14.3	20.86
1995	8	513.83	90.7	24.72	12.36	72.87	12.36	18.54
1995	9	288.22	74.9	17.68	9.59	84.87	8.09	13.64
1995	10	225.26	13.2	16.63	6.63	84.23	10	11.63
1995	11	103.62	55.6	4.35	-1.48	88.57	5.82	1.44
1995	12	77.77	39.2	-0.78	-6.17	87.84	5.39	-3.47
1996	1	99.42	21.2	-2.17	-7.52	86.68	5.35	-4.84
1996	2	191.48	28.3	-0.54	-8.27	82.69	7.73	-4.4
1996	3	330.04	30	3.33	-4.07	82.42	7.4	-0.37
1996	4	478.2	40.5	13.9	2.55	73.1	11.35	8.23
1996	5	478.58	114.4	19.15	9.21	79.81	9.94	14.18
1996	6	588.13	77.5	22.95	11.58	74.73	11.36	17.27
1996	7	531.84	83.4	22.58	11.82	78	10.75	17.2
1996	8	465.31	77.6	23.9	12.54	79.45	11.36	18.22
1996	9	222.45	75.3	14.48	7.9	87.47	6.58	11.19
1996	10	192.04	44.3	14.36	6.46	85.1	7.9	10.41
1996	11	110.8	33	9.51	3.56	85.93	5.95	6.54
1996	12	93.4	9.1	-1.4	-8.08	87.94	6.68	-4.74
1997	1	107.13	9.8	-1.18	-8.23	88.74	7.05	-4.7
1997	2	170.44	26.5	6.49	-0.55	80	7.05	2.97
1997	3	334.61	23.9	9.59	-0.27	77.68	9.85	4.66
1997	4	464.34	35.4	10.96	1.19	72.63	9.77	6.07
1997	5	543.98	81.2	19.56	9.02	75.68	10.54	14.29
1997	6	579.25	60	23.05	11.32	73.77	11.73	17.19
1997	7	456.13	298.8	22.65	13.48	82.26	9.16	18.07
1997	8	518.65	43.7	25.62	12.38	75.97	13.24	19
1997	9	346.9	37	19.96	8.84	80.53	11.12	14.4
1997	10	212.62	59.1	11.63	3.93	83.65	7.69	7.78
1997	11	105.69	55.4	6.86	0.81	88.83	6.04	3.84
1997	12	65.03	42.9	4.1	-1.01	89.42	5.1	1.55
1998	1	104.2	51.3	5.03	-1.09	86.06	6.11	1.97
1998	2	155.16	31.8	8.56	0.42	81.32	8.14	4.49
1998	3	328.68	43.2	7.77	-0.92	78.61	8.68	3.43
1998	4	431.57	30.1	16.51	5.72	75.33	10.8	11.12
1998	5	597.83	29.1	21.08	8.25	71.45	12.84	14.66
1998	6	510.02	87.8	23.67	12.77	77	10.9	18.22
1998	7	523.04	139.7	23.94	13.33	76.97	10.61	18.63
1998	8	519.51	49.4	23.58	12.33	75.68	11.25	17.96
1998	9	285.21	90.3	19.04	9.81	84.87	9.23	14.42
1998	10	182.27	90.3	12.46	6.02	84.48	6.45	9.24
1998	11	110.82	30.4	3.3	-2.07	88.2	5.38	0.62
1998	12	85.14	24.8	2.13	-3.56	86.1	5.68	-0.72
1999	1	103.5	24	4.88	-1.57	86.61	6.45	1.65
1999	2	163.83	63.4	2.38	-3.23	85.86	5.6	-0.43
1999	3	317.9	55.3	10.21	1.55	80.42	8.65	5.88
1999	4	427.05	58.3	15.43	5.04	76.23	10.39	10.24
1999	5	641.04	34.6	20.27	7.57	70.03	12.7	13.92
1999	6	455.84	142.5	21.79	11.68	80.7	10.1	16.74
1999	7	600.06	78.9	26.18	14.11	72.68	12.07	20.14
1999	8	497.18	19.6	24.66	11.94	72.55	12.72	18.3
1999	9	391.71	36.6	23.8	10.87	77.23	12.93	17.33
1999	10	187.34	47.1	13.61	5.75	84.26	7.87	9.68
1999	11	105.3	57.8	5.69	0.01	89.47	5.68	2.85
1999	12	83.17	32.2	3.81	-1.41	84.26	5.22	1.2
2000	1	92.55	45.9	1.69	-4.02	86.13	5.71	-1.17
2000	2	157.62	35.8	6.8	0.69	82.38	6.11	3.74
2000	3	284.35	93	8.77	1.61	82.35	7.15	5.19
2000	4	481.48	16.2	18.85	5.97	71.3	12.88	12.41
2000	5	623.5	68.7	22.94	8.65	67.23	14.29	15.8
2000	6	651.18	20.4	24.67	11.48	67.43	13.19	18.07
2000	7	445.28	227	21.69	12.78	79.9	8.91	17.23
2000	8	511.97	33.5	25.63	12.95	75.26	12.67	19.29
2000	9	324.99	40	18.53	8.27	80.87	10.26	13.4
2000	10	213.1	25.3	17.78	8.94	81.97	8.85	13.36
2000	11	111.8	55.2	11.68	3.84	86.77	7.84	7.76
2000	12	73.72	47.1	5.08	-0.25	88.77	5.33	2.41
2001	1	98.16	33.2	2.91	-2.46	88.45	5.37	0.22
2001	2	178.02	28.5	5.05	-2.69	83.54	7.73	1.18
2001	3	250.24	48.9	7.81	0.23	82.81	7.58	4.02
2001	4	389.38	51.5	12.99	3.41	79.2	9.58	8.2
2001	5	596.34	59.6	20.64	8.66	70.61	11.97	14.65
2001	6	498.93	107.1	19.94	10.17	78.77	9.77	15.05
2001	7	501.42	122.6	24.8	14.6	78.77	10.2	19.7
2001	8	487.14	49.8	25.62	14.22	77.52	11.4	19.92
2001	9	230.79	101.4	16.61	9.51	86.83	7.1	13.06
2001	10	207.77	30.9	17.39	8.5	85.55	8.89	12.95
2001	11	97.73	32.5	6.33	0.37	86.43	5.97	3.35
2001	12	76.53	31.1	0.12	-5.88	87.23	6	-2.88
2002	1	102.41	32.6	3.11	-3.39	85.48	6.5	-0.14
2002	2	168.24	47.1	8.9	1.05	80.61	7.85	4.98
2002	3	328.23	16.7	10.62	1.21	75.61	9.41	5.92
2002	4	437.81	34.7	14.2	3.81	73.67	10.39	9.01
2002	5	583.71	65.1	23.54	11.11	72.16	12.43	17.33
2002	6	557.91	81.2	23.89	12.42	74.9	11.48	18.16
2002	7	583.01	83.6	27.06	14.5	72.45	12.57	20.78
2002	8	511.06	58	26.89	14.55	75.55	12.34	20.72
2002	9	320.07	46.1	18.81	8.45	79.6	10.37	13.63
2002	10	192.89	66.5	12.08	4.74	84.39	7.34	8.41
2002	11	97.01	44.1	9.28	2.75	86.43	6.53	6.01
2002	12	84.04	29.1	-0.87	-7.02	86.9	6.15	-3.94
2003	1	87.14	36.6	0.76	-5.15	86.87	5.91	-2.19
2003	2	186.66	6.4	0.63	-7.81	82.86	8.44	-3.59
2003	3	357.44	18.9	8.77	-0.7	78.52	9.47	4.03
2003	4	500.78	45.7	13.78	2.35	70.67	11.42	8.07
2003	5	608.42	75.5	22.1	10.35	72.1	11.75	16.22
2003	6	661.03	41.5	25.7	13.13	65.47	12.57	19.41
2003	7	550.08	104.5	25.57	14.39	74.29	11.18	19.98
2003	8	576.77	57.8	27.43	13.36	66.71	14.06	20.39
2003	9	380.36	31.1	21.29	8.22	74.93	13.07	14.75
2003	10	184.64	60.7	10.05	2.45	83.84	7.6	6.25
2003	11	118.15	25.2	9.99	2.63	87.73	7.36	6.31
2003	12	80.69	58.9	4.49	-1.59	85.87	6.09	1.45
2004	1	114.36	49.1	-0.64	-6.74	85.94	6.1	-3.69
2004	2	161.57	69.7	4.05	-1.88	83.34	5.93	1.09
2004	3	296.56	53.1	7.96	0.34	79.71	7.62	4.15
2004	4	481.26	47.8	15.13	4.32	70.53	10.81	9.73
2004	5	575.09	55.3	18.08	7.48	72.42	10.6	12.78
2004	6	562.71	88.6	22.16	11.26	72.33	10.9	16.71
2004	7	569.96	63.2	24.18	12.95	74.26	11.23	18.56
2004	8	514.3	64.1	26.13	13.32	73.55	12.81	19.72
2004	9	379.63	32.3	20.41	8.47	75.37	11.94	14.44
2004	10	225.88	28	16.19	6.52	82.32	9.66	11.35
2004	11	94.35	58.6	7.37	2.02	87.7	5.35	4.7
2004	12	76.57	18.9	3.93	-1.28	88.45	5.2	1.32
2005	1	101.82	60.1	3.91	-1.5	84.1	5.41	1.2
2005	2	180.47	59.7	0.76	-5.39	84.11	6.15	-2.31
2005	3	373.2	17.5	6.26	-3.26	77.29	9.53	1.5
2005	4	500.61	28.8	15.98	3.53	66.9	12.45	9.75
2005	5	606.41	97.5	20.08	8.12	71.84	11.96	14.1
2005	6	616.15	39.9	22.43	10.98	70.4	11.45	16.71
2005	7	552.06	105	25.86	14.1	72.65	11.76	19.98
2005	8	470.01	40.6	23.21	11.97	76.03	11.24	17.59
2005	9	416.97	26.1	22.36	8.78	76.33	13.58	15.57
2005	10	251.59	5.6	16.2	5.04	81.23	11.16	10.62
2005	11	119.32	43	6.81	-0.11	87.5	6.91	3.35
2005	12	65.55	115.6	2.16	-2.19	90.06	4.35	-0.01
2006	1	120.85	35.3	-2.23	-10.42	85.74	8.19	-6.32
2006	2	171.5	41.3	0.83	-5.63	87.11	6.46	-2.4
2006	3	306.42	42.2	3.98	-3.34	82.84	7.32	0.32
2006	4	460.03	57.2	15.13	4.82	73.63	10.32	9.98
2006	5	592.78	47.9	19.72	8.27	68.61	11.45	13.99
2006	6	598.31	68.5	23.84	12.11	69.9	11.73	17.98
2006	7	707.7	11.2	30	14.86	58.97	15.14	22.43
2006	8	423.83	121.2	22.05	13.29	80.16	8.76	17.67
2006	9	407.18	33.8	23.15	10.41	76.33	12.75	16.78
2006	10	236.23	39.3	17.26	6.44	81.39	10.83	11.85
2006	11	107.85	61.9	10.44	3.61	86.87	6.83	7.03
2006	12	75.01	30.2	6.87	1.37	87.58	5.51	4.12
2007	1	87.07	75.8	7.39	1.51	82.94	5.88	4.45
2007	2	136.33	46.6	6.03	0	85.18	6.03	3.01
2007	3	328.87	56.1	11.46	1.64	75.61	9.83	6.55
2007	4	547.89	7	17.49	3.29	61.2	14.2	10.39
2007	5	587.91	58.2	21.96	9.15	68.97	12.81	15.56
2007	6	588.32	106.5	25.05	13.09	71.53	11.96	19.07
2007	7	584.6	96.6	25.56	13.95	71.58	11.61	19.75
2007	8	520.67	63	25.12	13	73.35	12.12	19.06
2007	9	320.92	61.4	18.47	8.47	80.93	10	13.47
2007	10	186.49	23.7	12.58	4.61	85.42	7.97	8.6
2007	11	99.78	69.8	5.26	-0.09	88.43	5.35	2.59
2007	12	74.83	21.7	2.88	-1.86	88.71	4.74	0.51
2008	1	89.7	45.7	5.68	-0.25	84	5.93	2.72
2008	2	162.96	16.5	7.5	0.17	80.03	7.32	3.83
2008	3	326.06	45.7	9.09	0.66	76.13	8.43	4.88
2008	4	437.57	45.9	14.78	3.55	76.1	11.23	9.17
2008	5	565.32	54.6	19.59	7.8	71.32	11.79	13.7
2008	6	642.62	37.2	24.9	11.32	65.2	13.58	18.11
2008	7	600.96	82.6	26.02	13.52	69.87	12.5	19.77
2008	8	475.96	106	24.76	13.21	73.77	11.55	18.98
2008	9	282.89	53.7	18.01	9.34	81.73	8.67	13.68
2008	10	215.29	22.9	15.21	5.8	85.06	9.4	10.5
2008	11	115.25	23.4	9.77	3.18	86.5	6.59	6.48
2008	12	78.84	32.1	4.91	-0.62	87.74	5.53	2.14
2009	1	104.81	36.3	0.58	-5.84	88.19	6.41	-2.63
2009	2	155.44	66.6	2.66	-2.72	88.07	5.38	-0.03
2009	3	254.86	63.5	7.85	1	83.03	6.85	4.42
2009	4	594.23	6	19.59	4.31	62.07	15.28	11.95
2009	5	575.42	60.9	20.41	7.58	69.1	12.83	14
2009	6	499.89	178.8	21.23	11.03	78.3	10.2	16.13
2009	7	646.48	132.1	26.15	13.81	73.52	12.35	19.98
2009	8	535.7	33	25.87	13.01	71.9	12.87	19.44
2009	9	362.02	19.8	21.99	9.97	78.03	12.02	15.98
2009	10	157.17	86.9	11.23	4.72	87.26	6.51	7.97
2009	11	123.34	47.6	10.58	3.13	86.5	7.45	6.86
2009	12	66.64	47.3	2.53	-3.06	88.74	5.59	-0.27
2010	1	108.87	61.5	-3.12	-8.82	88.39	5.7	-5.97
2010	2	171.1	25.8	2.49	-4.63	85.14	7.12	-1.07
2010	3	349.26	54.4	8.86	-0.39	76.68	9.25	4.24
2010	4	489.47	40.6	15.21	3.48	71.47	11.73	9.35
2010	5	400.54	224.5	16.8	9.22	83.81	7.58	13.01
2010	6	599.42	62.5	23.02	11.5	72.23	11.51	17.26
2010	7	561.01	138.6	27.13	14.95	70.42	12.18	21.04
2010	8	483.34	91.4	24.55	13.95	79.48	10.6	19.25
2010	9	324.32	98.6	17.79	8.42	84.53	9.38	13.11
2010	10	239.69	6.1	11.89	2.19	81	9.7	7.04
2010	11	100.82	84.4	9.64	3.62	87.33	6.02	6.63
2010	12	84.84	59.1	-1.38	-8.71	89.03	7.33	-5.05
2011	1	92.47	33.6	2.72	-2.76	90.42	5.48	-0.02
2011	2	172.24	12.2	1.76	-5.34	80.04	7.09	-1.79
2011	3	355.74	35	10.09	-0.59	72.77	10.67	4.75
2011	4	472.33	26.4	17.64	5.16	67.73	12.48	11.4
2011	5	629.42	44.5	20.94	7.47	67.81	13.46	14.21
2011	6	610.2	78.5	24.97	12.88	69.93	12.09	18.92
2011	7	490.54	154.7	23.19	13.32	79.45	9.86	18.25
2011	8	524.06	56.3	25.52	13.87	75.35	11.65	19.69
2011	9	379.93	19.9	22.5	9.89	77.47	12.61	16.2
2011	10	219.03	39.9	14.67	5.02	82.77	9.65	9.85
2011	11	140.61	0	8.73	-0.47	86.17	9.19	4.13
2011	12	77.16	56.4	5.85	0.25	85.48	5.6	3.05
2012	1	96.38	70.4	3.02	-2.21	86.1	5.23	0.41
2012	2	170.28	45.7	-1.27	-8.89	81.86	7.61	-5.08
2012	3	333.44	23	11.13	1.07	74.9	10.05	6.1
2012	4	477.71	25.3	15.5	4.34	67.17	11.16	9.92
2012	5	617.52	43.3	22.22	8.31	64.65	13.91	15.26
2012	6	534.77	73.1	23.31	12.34	75.57	10.97	17.83
2012	7	603.32	66.4	26.69	14.52	73.61	12.17	20.61
2012	8	510.73	68.5	26.31	13.42	71.94	12.88	19.86
2012	9	337.65	52.7	20.75	9.64	77.63	11.11	15.19
2012	10	217.98	70	14.31	4.77	85.1	9.54	9.54
2012	11	95.01	37.4	10.02	2.7	88.77	7.32	6.36
2012	12	88.02	31.7	2.1	-4.35	87.52	6.44	-1.12
2013	1	89.35	56.7	0.43	-4.15	88.65	4.57	-1.86
2013	2	131.68	41.4	2.07	-1.81	89.75	3.88	0.13
2013	3	274.74	45.2	3.25	-3.63	77.48	6.88	-0.19
2013	4	436.73	37.9	14.03	4.01	73.8	10.02	9.02
2013	5	501.37	105.7	19.2	9.43	76.74	9.77	14.31
2013	6	496.03	140.7	22.28	12.74	78.83	9.54	17.51
2013	7	651.42	46.5	26.53	13.33	69.9	13.21	19.93
2013	8	539.82	40.7	25.92	12.63	69.81	13.3	19.27
2013	9	312.76	91.6	17.81	8.4	82.47	9.41	13.11
2013	10	250.5	16.3	16.42	6.33	81.35	10.1	11.37
2013	11	92.56	27.1	8.7	2.6	88.73	6.1	5.65
2013	12	85.9	17.3	6.15	-0.16	84.55	6.31	3
2014	1	98.29	43	3.52	-1.94	86.94	5.45	0.79
2014	2	185.38	5.1	9.17	0.05	79.75	9.12	4.61
2014	3	335.65	31.5	13.3	1.76	75.13	11.54	7.53
2014	4	470.57	46.2	16.94	5.18	75.17	11.76	11.06
2014	5	518.75	126.1	19.17	8.48	75.84	10.69	13.82
2014	6	595.45	70.1	22.4	10.47	71.27	11.93	16.43
2014	7	634.51	87	27.39	14.84	70.68	12.55	21.12
2014	8	490	53.6	23.5	12.95	76.74	10.55	18.23
2014	9	346.98	91.5	20.86	11.11	81.83	9.74	15.99
2014	10	221.71	51.2	16.24	6.97	85.35	9.27	11.6
2014	11	102.06	17	10.01	4.31	88.07	5.69	7.16
2014	12	70.65	23.1	4.5	-0.62	84.9	5.12	1.94
2015	1	86.14	47.1	4.7	-0.52	84.61	5.22	2.09
2015	2	166.15	16.9	5.09	-1.7	82.68	6.8	1.69
2015	3	333.83	37.5	10.78	0.85	73.74	9.93	5.82
2015	4	516.06	22.3	14.85	3.22	66.93	11.63	9.03
2015	5	545.29	30.6	19.13	8.33	69.65	10.8	13.73
2015	6	589.03	55.4	23.4	11.5	69.47	11.9	17.45
2015	7	641.92	42.3	28.18	14.25	65.68	13.94	21.21
2015	8	588.32	18.9	30.33	15.42	59.19	14.92	22.87
2015	9	366.77	30.7	21.62	10.53	74.13	11.09	16.07
2015	10	215	25.2	13.42	4.32	80.42	9.1	8.87
2015	11	117.89	60.3	10.46	2.95	83.83	7.51	6.7
2015	12	79.94	18.4	8.39	2.19	85.29	6.2	5.29
2016	1	102.97	37.7	1.93	-4.57	85.23	6.49	-1.32
2016	2	134.31	70.2	7.68	1.39	82.55	6.29	4.53
2016	3	279.48	40.1	8.57	1.47	80.74	7.1	5.02
2016	4	444.59	43.5	14.7	4.06	71.23	10.64	9.38
2016	5	609.68	70.6	21.14	9.19	69.71	11.95	15.16
2016	6	635.16	51.1	25.28	12.63	69.63	12.65	18.96
2016	7	573.76	92.9	25.82	14.24	73.23	11.59	20.03
2016	8	505.33	31.9	24.67	12.76	73.68	11.92	18.72
2016	9	376.75	22.6	24.03	10.43	74.4	13.6	17.23
2016	10	153.36	69.4	11.86	5.63	87.35	6.23	8.75
2016	11	108.58	45.4	7.38	1.41	86.83	5.96	4.4
2016	12	75.88	32.3	4.02	-1.59	87.68	5.61	1.21
2017	1	120.53	19.7	-0.2	-7.69	83.58	7.49	-3.95
2017	2	158.64	26.1	4.45	-1.92	81.61	6.38	1.27
2017	3	320.99	37.9	11.86	2.7	76.29	9.16	7.28
2017	4	399.62	100.1	12.89	4.15	74.2	8.74	8.52
2017	5	560.04	32.5	20.2	8.9	72.61	11.3	14.55
2017	6	644.17	65.9	25.2	12.59	68.13	12.61	18.89
2017	7	564.77	88.5	25.16	13.7	73.77	11.47	19.43
2017	8	526.65	35.5	26.69	14.3	72.58	12.38	20.5
2017	9	272.37	117.5	17.96	10.16	82.4	7.8	14.06
2017	10	184.95	75.6	14.94	7.3	84.9	7.64	11.12
2017	11	96.8	45.3	8	3.05	87.57	4.95	5.53
2017	12	70.92	18.3	5.14	0.18	84.71	4.96	2.66
2018	1	86.9	17.8	5.12	0.13	84.52	4.99	2.62
2018	2	178.26	8.4	0.67	-5.41	80	6.08	-2.37
2018	3	307.91	22.1	6.01	-2.49	73.84	8.49	1.76
2018	4	533.24	16.7	21.3	7.24	65.2	14.06	14.27
2018	5	651.62	47.7	23.8	10.65	66.1	13.16	17.22
2018	6	586.36	63.8	25.11	13.53	68.17	11.58	19.32
2018	7	612.66	54.2	27.11	14.42	68.9	12.69	20.77
2018	8	549.13	42.8	28.62	14.96	66.42	13.66	21.79
2018	9	389.47	64.1	23.02	10.82	72.23	12.2	16.92
2018	10	251.22	41.7	16.96	6.29	76.97	10.67	11.62
2018	11	120.44	13.7	9.33	2.43	84.23	6.9	5.88
2018	12	57.17	61.1	4.32	0.3	88.71	4.02	2.31
2019	1	88.59	62.2	1.66	-3.81	86.94	5.48	-1.07
2019	2	190.64	36.5	8.03	-0.91	78.18	8.93	3.56
2019	3	313.71	28.4	11.7	2.22	75.61	9.48	6.96
2019	4	483.98	40.5	16.56	3.96	62.4	12.6	10.26
2019	5	514.86	83.9	17.43	7.19	76.29	10.25	12.31
2019	6	679.71	18.5	28.76	14.81	64.43	13.95	21.78
2019	7	602.32	44.1	26.19	13.14	65.1	13.05	19.66
2019	8	529.13	80	27.12	14.28	71.45	12.85	20.7
2019	9	364.12	57.7	20.39	9.63	76.83	10.76	15.01
2019	10	247.8	29.9	16.93	6.26	83.87	10.67	11.6
2019	11	116.66	29	10.88	3.63	86.6	7.25	7.26
2019	12	79.5	39.3	6.25	0.57	85	5.68	3.41
