yyyy	mm	SLR	PCP	MAX	MIN	HMD	DIF	TAS
1990	1	87.68	20.8	3.06	-2.1	86.81	5.16	0.48
1990	2	188.59	36.1	9.18	0.24	80.29	8.94	4.71
1990	3	310.5	25.8	11.43	1.37	74.42	10.06	6.4
1990	4	391.09	61.4	13.13	3.08	76.1	10.05	8.11
1990	5	631.07	56.7	19.63	6.33	71.52	13.3	12.98
1990	6	578.25	55.9	22.37	9.87	74.87	12.5	16.12
1990	7	511.5	125.3	21.73	11.01	76.9	10.72	16.37
1990	8	499.02	68.2	23.48	10.84	76.48	12.64	17.16
1990	9	262.31	94.3	15.09	7.1	85.23	7.99	11.09
1990	10	247.88	15.6	14.77	3.54	80.26	11.23	9.15
1990	11	80.22	83.3	7.09	1.92	90.3	5.17	4.51
1990	12	82.81	15.3	1.35	-3.22	88.26	4.56	-0.94
1991	1	104.91	15.5	2.31	-3.83	85.13	6.14	-0.76
1991	2	184.1	33.5	-1.42	-9.01	83.07	7.59	-5.21
1991	3	272.47	19	8.23	0.74	83.29	7.49	4.48
1991	4	453.65	25.6	12.06	2.06	76.17	10	7.06
1991	5	506.34	69.8	15.52	5.33	77.19	10.19	10.42
1991	6	562.51	52.2	21.13	9.49	77.5	11.64	15.31
1991	7	552.53	44.9	24.41	12.9	76.81	11.5	18.65
1991	8	427.02	67	22.93	12.65	80.61	10.28	17.79
1991	9	373.67	40.4	20.24	8.26	79.47	11.98	14.25
1991	10	228.15	36	12.23	3.75	83.48	8.48	7.99
1991	11	107.05	56.1	6.48	1.19	88.07	5.29	3.84
1991	12	77.08	44.4	0.24	-5.11	87.97	5.35	-2.43
1992	1	100.45	23.5	0.67	-4.53	85.81	5.21	-1.93
1992	2	169.35	30.9	3.41	-2.49	85.69	5.9	0.46
1992	3	339.23	38.2	7.97	-0.91	79.39	8.88	3.53
1992	4	408.41	48.3	12.67	3.08	74.87	9.59	7.88
1992	5	545.57	47.4	18.59	6.8	71.94	11.79	12.7
1992	6	622.64	33.9	23.84	11.06	69.7	12.79	17.45
1992	7	623.14	76	25.76	12.32	69	13.44	19.04
1992	8	565.52	16.5	29.01	13.94	63.94	15.07	21.48
1992	9	318.02	76.3	17.78	7.06	79.67	10.72	12.42
1992	10	191.66	71.4	10.34	2.4	85.42	7.93	6.37
1992	11	96.74	47.1	6.13	0.62	87.53	5.51	3.38
1992	12	75.41	58	0.87	-4.43	89.42	5.3	-1.78
1993	1	106.64	42.1	3.13	-4.11	81.65	7.23	-0.49
1993	2	169.31	31.7	1.39	-5	86.04	6.38	-1.81
1993	3	337.03	41.1	4.59	-3.35	81.19	7.94	0.62
1993	4	457.77	17.1	13.55	2.52	70.77	11.02	8.04
1993	5	637.61	40.9	22.3	8.68	67.77	13.62	15.49
1993	6	524.33	123.8	20.39	9.91	76.8	10.48	15.15
1993	7	546.49	81.1	21.87	11.05	77.71	10.82	16.46
1993	8	509.13	44.2	22.65	10.36	76.42	12.3	16.51
1993	9	327.08	59.2	17.48	8.33	82.37	9.15	12.91
1993	10	194.09	33.4	12.76	4.81	85.55	7.95	8.79
1993	11	124.83	20.7	0.88	-5.65	86	6.52	-2.39
1993	12	68.46	45	4.11	-0.91	87.58	5.02	1.6
1994	1	93.36	52.4	4.74	-0.55	86.74	5.29	2.1
1994	2	161.45	8.1	1.61	-4.85	83.32	6.46	-1.62
1994	3	305.13	72.9	8.47	0.72	81	7.75	4.6
1994	4	405.01	89.8	13.92	3.77	77	10.15	8.85
1994	5	570.99	78	18.25	6.88	74.9	11.37	12.57
1994	6	606.46	36.8	21.48	9.78	71.87	11.7	15.63
1994	7	698.02	29.3	27.85	12.85	65.71	14.99	20.35
1994	8	459.9	73.8	23.85	12.82	75.61	11.03	18.34
1994	9	297.61	66.1	19.93	10.47	83.83	9.46	15.2
1994	10	211.92	75.5	10.99	2.16	84.06	8.84	6.58
1994	11	110.19	43.8	6.75	0.63	85.33	6.12	3.69
1994	12	75.9	62.4	3.02	-2.08	87.97	5.1	0.47
1995	1	107.69	29.5	0.89	-4.92	84.52	5.81	-2.01
1995	2	151.63	45.2	6.28	-0.59	82.39	6.87	2.84
1995	3	313.36	35.8	6.74	-0.68	80.29	7.42	3.03
1995	4	420.96	56.2	12.07	3.02	77	9.05	7.54
1995	5	554.68	39.3	17.84	6.31	74.13	11.53	12.07
1995	6	544.05	85.4	22.22	11.3	77.9	10.92	16.76
1995	7	650.66	42	26.45	13.02	71.23	13.43	19.73
1995	8	508.29	75.1	24.05	11.6	73.68	12.45	17.83
1995	9	283.84	50.5	17.13	8.97	85.07	8.16	13.05
1995	10	219.63	11.6	15.45	5.28	85.16	10.16	10.36
1995	11	104.56	25.6	2.49	-3.66	87.77	6.15	-0.59
1995	12	91.14	23.7	-2.3	-8.23	87.9	5.94	-5.26
1996	1	107.11	12.7	-3.49	-8.91	86.23	5.41	-6.2
1996	2	191.1	16.2	-2.32	-9.38	82.62	7.06	-5.85
1996	3	374.62	26.8	1.17	-5.54	82.55	6.71	-2.19
1996	4	495.52	36.8	13.15	1.7	74.27	11.45	7.42
1996	5	555.79	119.1	20.56	9.54	79.68	11.03	15.05
1996	6	614.37	59.2	22.37	10.61	76.07	11.76	16.49
1996	7	531.23	77.9	21.75	11.02	79.81	10.72	16.38
1996	8	441.33	118.9	23.24	12.39	81.45	10.85	17.81
1996	9	203.64	137	13.09	7.21	88.97	5.88	10.15
1996	10	197.89	25.6	13.36	4.87	86.55	8.48	9.12
1996	11	117.24	48.9	8.85	2.87	86.27	5.98	5.86
1996	12	85.57	8	-2.81	-8.1	87.26	5.29	-5.46
1997	1	108.65	7.8	-2.52	-9.06	88.16	6.54	-5.79
1997	2	168.71	33.9	4.5	-1.96	81.86	6.46	1.27
1997	3	335.9	20.7	7.57	-1.6	79.03	9.17	2.98
1997	4	454.31	27.9	9.6	0.04	76.2	9.56	4.82
1997	5	558.65	77.2	19.22	8.74	75.65	10.48	13.98
1997	6	587.63	61.6	21.8	10.33	76.03	11.47	16.07
1997	7	477.74	206.5	22.2	12.75	84.03	9.45	17.47
1997	8	523.17	57.7	23.98	11.96	78.03	12.01	17.97
1997	9	329.37	34.1	17.95	7.96	82.17	9.99	12.96
1997	10	197.1	56	9.6	2.37	85.35	7.23	5.99
1997	11	102.29	39.3	5.52	0.43	89.17	5.09	2.98
1997	12	62.11	39.2	2	-2.66	90.06	4.66	-0.33
1998	1	107.47	38.9	3.2	-2.71	86.32	5.91	0.25
1998	2	140.77	34.8	6.82	-1.05	82.54	7.88	2.88
1998	3	348.57	52.6	5.69	-2.85	79.03	8.54	1.42
1998	4	411.97	59.8	15.09	5.43	77.57	9.66	10.26
1998	5	628.26	33.7	19.75	7.65	73.84	12.1	13.7
1998	6	556.71	136.8	22.81	12.4	78.53	10.41	17.6
1998	7	503.33	77.8	22.92	12.88	79.74	10.04	17.9
1998	8	491.8	81.2	22.15	11.31	78.61	10.84	16.73
1998	9	304.98	71.3	18.3	7.85	83.57	10.45	13.07
1998	10	178	72.5	11.07	4.25	85.68	6.82	7.66
1998	11	102.6	36.1	1.46	-3.63	88.77	5.1	-1.09
1998	12	79.97	39.2	0	-5.67	87.03	5.66	-2.84
1999	1	105.79	22	3	-2.91	86.97	5.91	0.05
1999	2	151.01	53.8	0.81	-4.3	87.21	5.11	-1.74
1999	3	337.44	30.1	9.12	0.11	79.87	9.01	4.62
1999	4	416.77	35	14.98	4.5	76.53	10.48	9.74
1999	5	618.83	40	18.62	5.6	71.1	13.01	12.11
1999	6	472.57	186.3	22.23	12.47	82.3	9.75	17.35
1999	7	574.67	55.2	25.46	14.04	74.48	11.43	19.75
1999	8	480.54	59.6	23.23	10.99	77.1	12.24	17.11
1999	9	407.57	24.6	21.96	9.54	76.8	12.42	15.75
1999	10	175.18	62.2	12.11	4.57	85.26	7.54	8.34
1999	11	109.28	44.2	4.29	-1.63	88.73	5.91	1.33
1999	12	82.97	17.8	2.23	-3.09	84.58	5.32	-0.43
2000	1	95.96	39.6	0.09	-4.9	86.61	4.98	-2.4
2000	2	160.52	37.6	4.97	-1.17	83.9	6.14	1.9
2000	3	290.77	73.4	7.03	-0.18	82.81	7.21	3.42
2000	4	507.56	44.6	17.84	5.33	71.53	12.51	11.59
2000	5	637	44	21.9	7.86	66.29	14.04	14.88
2000	6	662.72	51.4	23.01	10.33	69.23	12.67	16.67
2000	7	456.23	188	21.02	11.96	81.52	9.06	16.49
2000	8	510.14	69	24.16	12.25	77.77	11.91	18.21
2000	9	334.55	53.2	17.23	6.45	81.23	10.78	11.84
2000	10	253.18	5.3	17.91	6.57	79.58	11.34	12.24
2000	11	115.53	44.3	10.56	2.61	87.23	7.94	6.59
2000	12	67.92	45.6	3.87	-1.17	88.84	5.04	1.35
2001	1	94.4	39.7	1.62	-3.67	88.23	5.29	-1.03
2001	2	175.68	21.2	3.35	-4.65	83.89	8.01	-0.65
2001	3	276.29	48.4	6.65	-1.09	82.52	7.75	2.78
2001	4	378.72	140.6	12.69	3.22	79.97	9.47	7.96
2001	5	644.43	62.2	20.65	7.73	69.81	12.93	14.19
2001	6	502.81	97.3	19.46	10.16	78.77	9.3	14.81
2001	7	523.48	277.1	24.64	14.66	80.58	9.98	19.65
2001	8	531.73	67.2	24.8	13.08	78.45	11.72	18.94
2001	9	254.7	60.7	15.47	8.4	87.67	7.07	11.94
2001	10	199.59	19.6	15.73	6.96	85.9	8.77	11.34
2001	11	97.92	39.3	4.65	-0.98	86.2	5.63	1.84
2001	12	80.09	28.1	-1.77	-8.41	87.52	6.63	-5.09
2002	1	93.52	35.3	1.4	-4.47	85.97	5.87	-1.54
2002	2	168.99	53.6	7.53	-0.32	81.18	7.85	3.61
2002	3	356.48	32.3	10.11	-0.15	75.52	10.25	4.98
2002	4	457.23	22.6	13.81	2.95	73.6	10.86	8.38
2002	5	594.99	122.9	22.96	10.24	71	12.72	16.6
2002	6	569.91	84.9	22.69	11.43	75.57	11.26	17.06
2002	7	619.38	69	26.21	14.22	73.19	11.99	20.22
2002	8	531.42	68.8	25.93	13.66	76.06	12.27	19.79
2002	9	314.65	56.9	17.88	7.79	79.77	10.09	12.84
2002	10	183.93	86.3	11.08	3.57	84.81	7.51	7.33
2002	11	106.25	30.7	8.07	1.77	86.17	6.3	4.92
2002	12	83.89	13.4	-2.7	-9.9	86.32	7.2	-6.3
2003	1	87.1	36.4	-0.17	-6.3	87.29	6.13	-3.23
2003	2	194.89	12.5	-1.17	-9.91	83.57	8.74	-5.54
2003	3	329.02	29.5	6.59	-2.43	78.32	9.01	2.08
2003	4	487.99	49.4	12.34	1.77	70.33	10.57	7.06
2003	5	584.03	68.9	21.69	9.75	72.32	11.93	15.72
2003	6	680.84	33.4	24.04	11.19	67.4	12.85	17.62
2003	7	553.53	106.4	25.08	13.79	76.39	11.29	19.44
2003	8	569.57	39.2	25.62	12.25	68.55	13.37	18.94
2003	9	392.18	43.5	20.26	7.23	75.27	13.03	13.75
2003	10	191.34	51.6	9.08	1.84	84.77	7.24	5.46
2003	11	113.68	21.6	8.49	1.53	87.67	6.96	5.01
2003	12	78.41	41	3.25	-2.33	85.32	5.57	0.46
2004	1	116.3	43	-2.39	-8.22	86.06	5.83	-5.31
2004	2	171.02	63.2	2.47	-3.52	83.21	5.99	-0.52
2004	3	311.03	41.2	7.01	-1	79.74	8.01	3.01
2004	4	492.64	39.3	13.86	2.57	69.1	11.28	8.22
2004	5	565.79	45.7	17.34	6.58	73.03	10.75	11.96
2004	6	580.16	52.9	21.56	10.04	71.33	11.52	15.8
2004	7	579	88.4	23.33	12.1	75.58	11.23	17.72
2004	8	521.63	91	24.37	12.52	74.87	11.85	18.45
2004	9	367.99	27.3	19.04	7.19	76.83	11.85	13.12
2004	10	222.24	40.1	14.99	5.44	82.29	9.56	10.21
2004	11	96.83	74	6.46	0.31	87.77	6.15	3.38
2004	12	67.82	18.1	3.36	-1.59	87.65	4.96	0.89
2005	1	94.74	51.9	2.75	-2.95	83.94	5.7	-0.1
2005	2	188.75	31.4	-0.27	-7.61	83.79	7.34	-3.94
2005	3	356.03	35	4.78	-4.26	77.16	9.05	0.26
2005	4	487.95	19.2	14.81	2.69	67.5	12.12	8.75
2005	5	619.39	103.5	19.37	7.24	72.03	12.13	13.31
2005	6	610.74	55	21.53	9.69	71.3	11.84	15.61
2005	7	573.42	117.2	25.68	13.17	71.48	12.51	19.43
2005	8	464.43	46.6	22.83	11.69	76.39	11.14	17.26
2005	9	406.43	14.1	21.8	8.08	76.5	13.72	14.94
2005	10	243.01	8.3	14.88	3.91	80.94	10.97	9.39
2005	11	120.84	28.4	6.09	-1.51	87.03	7.6	2.29
2005	12	60.87	87.5	1.47	-3.11	89.74	4.59	-0.82
2006	1	119.86	28.5	-3.54	-12.25	84.74	8.72	-7.9
2006	2	175.47	35.6	-0.26	-6.7	86.75	6.44	-3.48
2006	3	310.72	62.2	3.15	-4.92	82.48	8.07	-0.89
2006	4	467.91	33.2	14.64	3.38	73.13	11.26	9.01
2006	5	576.86	48.5	19.2	7.52	69.03	11.68	13.36
2006	6	628.84	48.7	22.83	10.98	71.03	11.85	16.9
2006	7	712.8	4.6	29.06	13.62	59.55	15.44	21.34
2006	8	432.84	131	22.79	12.82	80.74	9.97	17.8
2006	9	406.37	45.5	21.95	9.41	77.1	12.54	15.68
2006	10	237.94	34.9	16.42	5.26	81.13	11.16	10.84
2006	11	102.19	69.2	9.19	1.99	87.97	7.2	5.59
2006	12	76.87	25.6	5.53	-0.1	87.19	5.63	2.71
2007	1	88.3	87.8	6.11	0.03	83.71	6.08	3.07
2007	2	144.04	34.9	3.16	-2.77	86.21	5.93	0.2
2007	3	325.42	40.2	11.51	1.41	75.74	10.1	6.46
2007	4	524.13	20.7	15.47	2.28	62	13.19	8.87
2007	5	588.9	45.3	21.45	8.7	69.42	12.75	15.07
2007	6	588.99	103.1	24.17	12.43	73	11.73	18.3
2007	7	571	64.8	25.11	13.23	72.52	11.88	19.17
2007	8	463.1	65.5	24.51	12.7	75.77	11.81	18.6
2007	9	324.48	135.8	18.03	7.67	81.67	10.35	12.85
2007	10	193.41	22.3	11.81	3.47	85.45	8.33	7.64
2007	11	100.19	54.7	3.83	-1.94	89.2	5.77	0.95
2007	12	69.56	18	1.39	-3.39	89	4.78	-1
2008	1	91.6	49.8	3.73	-1.91	85.87	5.64	0.91
2008	2	156.05	15.1	6.3	-1.16	80.41	7.46	2.57
2008	3	319.91	72.8	8.24	-0.34	78.65	8.58	3.95
2008	4	430.07	37.1	14.46	3.29	76.03	11.17	8.88
2008	5	546.24	49.7	18.51	7.34	74	11.17	12.92
2008	6	642.23	44.6	24.17	10.49	64.57	13.68	17.33
2008	7	579.65	94.1	24.6	12.77	73	11.83	18.68
2008	8	488.5	33.6	24.76	12.38	74.65	12.39	18.57
2008	9	268.46	63.3	17.06	8.14	83.67	8.93	12.6
2008	10	197.03	38	14.6	5.51	84.61	9.09	10.05
2008	11	108.71	42.4	8.23	1.91	87.47	6.32	5.07
2008	12	77.14	37.6	3.59	-1.58	87.39	5.18	1
2009	1	101.66	20.3	0.11	-6.03	87.94	6.13	-2.96
2009	2	167.7	38.7	1.55	-4	88.32	5.55	-1.23
2009	3	268.54	65.9	5.85	-0.84	85.23	6.69	2.51
2009	4	593.44	1.4	18.1	3.17	61.83	14.93	10.64
2009	5	602.99	71.5	19.32	6.83	69.23	12.49	13.08
2009	6	533.54	125.9	21.11	10.87	79.2	10.24	15.99
2009	7	623.18	105.3	25.61	13.47	74.94	12.14	19.54
2009	8	532.05	44.2	24.42	11.92	73.32	12.5	18.17
2009	9	371.04	31.8	21.22	9.25	78.4	11.98	15.24
2009	10	159.69	86.5	10.65	3.77	88.03	6.89	7.21
2009	11	106.05	58.1	8.98	2.08	87.1	6.89	5.53
2009	12	60.83	44.3	1.65	-3.88	87.77	5.53	-1.11
2010	1	109.93	32.2	-4.51	-10.65	86.94	6.15	-7.58
2010	2	186.12	36.9	1.59	-5.44	85.75	7.03	-1.93
2010	3	358.12	33.6	7.93	-1.55	76.77	9.47	3.19
2010	4	475.9	26.5	14.59	3.19	72.6	11.4	8.89
2010	5	419.71	147.1	17.57	9.19	84.39	8.37	13.38
2010	6	589.84	84.2	22.42	11.49	73.87	10.92	16.96
2010	7	561.71	102.3	26.2	14.65	73.55	11.55	20.43
2010	8	483.11	135.9	24.5	13.62	79.55	10.88	19.06
2010	9	300.86	106.9	16.61	7.84	85.6	8.77	12.23
2010	10	240.67	8.5	10.55	0.97	81.19	9.57	5.76
2010	11	102.68	56.4	9.53	2.72	86.87	6.81	6.13
2010	12	84.48	46.3	-2.26	-9.16	89.48	6.9	-5.71
2011	1	89.97	27.7	1.33	-3.45	90.58	4.79	-1.06
2011	2	168.93	19.6	-0.02	-6.68	81.75	6.66	-3.35
2011	3	355.89	8.8	8.75	-2.03	74.65	10.77	3.36
2011	4	501.74	35.4	16.56	4.13	67.03	12.43	10.35
2011	5	604.75	52.3	19.9	6.92	69.58	12.98	13.41
2011	6	608.58	47.3	23.94	12.15	71.13	11.79	18.04
2011	7	436.71	230.2	22.55	13.22	82.19	9.33	17.89
2011	8	547.18	42.7	24.75	12.69	76.81	12.06	18.72
2011	9	374.86	5.7	21.4	8.73	77.9	12.67	15.07
2011	10	211.17	25.8	13.23	3.5	82.71	9.73	8.36
2011	11	123.88	0.2	6.56	-1.63	86.4	8.2	2.47
2011	12	71.01	39.3	4.58	-0.93	87.45	5.51	1.83
2012	1	105.05	52.7	0.91	-4.41	86.77	5.32	-1.75
2012	2	188.12	26.2	-3.03	-11.6	81.38	8.57	-7.32
2012	3	342.71	22.2	10.05	-0.66	76.52	10.7	4.69
2012	4	465.14	36.6	15.28	3.63	71.37	11.65	9.46
2012	5	591.67	55.6	21.03	8.06	68.16	12.96	14.55
2012	6	541.87	72.4	22.61	12.09	76.6	10.52	17.35
2012	7	614.34	64.6	26.67	14.09	73.06	12.58	20.38
2012	8	500.98	35.9	25.1	12.44	74	12.67	18.77
2012	9	335.22	25.3	20.76	8.76	77.8	12	14.76
2012	10	205.42	104.8	13.31	3.68	85.52	9.62	8.5
2012	11	93.52	32.3	8.45	2.15	89.73	6.3	5.3
2012	12	84.36	28.2	-0.04	-6.29	89.29	6.25	-3.16
2013	1	96.04	64.2	-0.99	-5.59	88.13	4.6	-3.29
2013	2	149.52	33.1	1.33	-3.39	89.54	4.72	-1.03
2013	3	283.58	54.5	2.02	-5.22	79.29	7.24	-1.6
2013	4	451.55	24.4	13.58	2.88	74.83	10.7	8.23
2013	5	502.92	122.1	19.77	9.24	76.52	10.54	14.5
2013	6	545.69	105.1	23.03	12.98	79.7	10.05	18
2013	7	624.31	17	25.6	12.44	71.23	13.16	19.02
2013	8	536.44	27.4	25.59	11.82	69.29	13.77	18.71
2013	9	303.24	78.6	16.86	7.19	82.9	9.68	12.03
2013	10	225.14	8.5	15.63	4.82	82.19	10.81	10.23
2013	11	94.58	64.5	8.37	2.13	88.6	6.24	5.25
2013	12	84.94	25.1	4.85	-1.59	84.84	6.44	1.63
2014	1	89.79	50.4	1.17	-4.17	87.71	5.35	-1.5
2014	2	182.05	20.8	6.81	-2.77	81.46	9.58	2.02
2014	3	320.53	53.2	11.6	1.23	75.19	10.37	6.42
2014	4	444.37	43.5	15.98	4.46	76.27	11.53	10.22
2014	5	529.89	112.8	19.35	7.99	75.81	11.36	13.67
2014	6	573.98	73.2	21.77	9.69	73.33	12.08	15.73
2014	7	625.17	158.3	26.34	14.39	75.87	11.95	20.36
2014	8	484.97	103.6	23.04	12.46	78	10.58	17.75
2014	9	361.82	45.5	20.23	9.22	81.37	11.01	14.73
2014	10	234.63	38	14.53	5.19	86.23	9.34	9.86
2014	11	100.99	27.7	8.42	2.51	88.37	5.91	5.47
2014	12	68.12	36.5	3.18	-2.22	87.03	5.4	0.48
2015	1	81.18	41.2	3.56	-1.48	85.26	5.05	1.04
2015	2	166.51	24.3	4.08	-2.51	83.07	6.59	0.79
2015	3	342.92	34.4	9.84	0.01	73.68	9.83	4.92
2015	4	488.56	24.9	14.1	2.47	68.7	11.62	8.29
2015	5	496.97	106	18.18	7.57	71.65	10.61	12.88
2015	6	587.16	46	22.41	10.93	70.03	11.48	16.67
2015	7	640.67	52	26.39	13.35	67.29	13.04	19.87
2015	8	603.56	12.2	29.28	14.55	59.94	14.73	21.91
2015	9	328.89	72.3	20.29	10.49	77.3	9.8	15.39
2015	10	228.81	35.2	12.1	2.69	81.06	9.41	7.39
2015	11	115.23	57.4	8.43	1.79	85.5	6.64	5.11
2015	12	75.58	16.7	7.05	0.77	85.35	6.28	3.91
2016	1	97.83	32.4	0.31	-6.37	85.06	6.68	-3.03
2016	2	142.2	96.7	6.86	0.28	84.31	6.59	3.57
2016	3	279.81	33.7	8.04	0.41	79.84	7.63	4.22
2016	4	435.31	62.6	14.47	3.87	71.73	10.6	9.17
2016	5	636.1	42.2	20.67	8.01	70.52	12.66	14.34
2016	6	645.02	45.3	25.17	11.93	68.3	13.24	18.55
2016	7	557.58	94.9	25.17	13.58	73.32	11.59	19.38
2016	8	518.17	63.2	24.31	12.04	74.35	12.27	18.17
2016	9	377.84	35.9	22.23	9.5	75.77	12.73	15.87
2016	10	151.71	71.8	10.9	4.3	87.55	6.6	7.6
2016	11	102.39	32.8	6.01	0.25	87.13	5.76	3.13
2016	12	67.65	49.1	2.61	-2.59	87.9	5.21	0.01
2017	1	123.29	15.4	-1.45	-9.35	83.71	7.9	-5.4
2017	2	171.3	28	2.89	-4.16	81.89	7.05	-0.64
2017	3	290.08	36.5	10.52	1.37	76.74	9.15	5.95
2017	4	415.17	109.4	12.33	2.56	74	9.77	7.45
2017	5	585.31	49.3	19.26	8.08	72.48	11.18	13.67
2017	6	638.59	24.5	24.58	12.05	68.13	12.53	18.31
2017	7	567.61	64.3	25.22	12.66	73.35	12.56	18.94
2017	8	523.95	62.4	26.55	13.63	72.61	12.92	20.09
2017	9	270.44	139.7	18.06	10.25	83.5	7.8	14.16
2017	10	186.44	88.6	13.25	6.23	85.77	7.02	9.74
2017	11	93.94	58.3	6.61	1.56	88.3	5.05	4.09
2017	12	65.99	36.2	4.05	-0.92	86.35	4.97	1.56
2018	1	96.83	25.5	3.08	-2.14	85.1	5.22	0.47
2018	2	166.78	16.9	-0.79	-6.5	82.29	5.71	-3.65
2018	3	319.88	28.7	4.93	-4.23	75.68	9.16	0.35
2018	4	535.59	12	20.81	6.14	65.53	14.67	13.48
2018	5	651.6	55.1	23.01	10.24	65.9	12.77	16.63
2018	6	595.47	44.6	24.72	12.59	68.2	12.13	18.66
2018	7	575.58	119.9	25.75	14.67	72.87	11.07	20.21
2018	8	531.83	72.6	26.2	14.18	72.16	12.02	20.19
2018	9	384.32	24.7	21.74	9.76	74.53	11.98	15.75
2018	10	241.82	43.9	16.32	4.87	78.06	11.45	10.59
2018	11	118.37	6.5	8.06	1.2	85.67	6.86	4.63
2018	12	61.15	63	2.71	-1.57	90	4.28	0.57
2019	1	97.15	52.2	-0.07	-5.16	87.39	5.09	-2.61
2019	2	188.27	22.4	7.09	-1.06	78.04	8.15	3.01
2019	3	335.17	35.2	10.78	0.95	72.48	9.84	5.86
2019	4	484.23	43.9	15.79	3.7	62.53	12.09	9.75
2019	5	470.55	100.7	17.28	8.09	76.58	9.18	12.69
2019	6	712.75	42.9	27.76	14.75	65.97	13.01	21.26
2019	7	600.43	45.8	24.83	12.76	66.32	12.07	18.8
2019	8	520.27	99.3	26.18	13.96	71.1	12.22	20.07
2019	9	367.26	75	19.44	9.49	77.7	9.95	14.47
2019	10	254.08	32.6	16.28	6	81.65	10.27	11.14
2019	11	116.62	41.6	9.66	3.04	89.33	6.61	6.35
2019	12	73.07	54.7	5.48	-0.13	85.87	5.61	2.68
