yyyy	mm	SLR	PCP	MAX	MIN	HMD	DIF	TAS
1990	1	77.2	21.8	5.1	0.8	84.1	4.3	2.9
1990	2	168.4	51.6	10.3	2.3	76.1	8	6.3
1990	3	279.5	17.6	11.6	3.4	74	8.1	7.5
1990	4	450.6	21.3	13.7	3.1	71.3	10.6	8.4
1990	5	645.9	21.6	20.6	7.5	64.4	13.1	14
1990	6	489	100.7	21.1	11.9	76.5	9.3	16.5
1990	7	543.7	23.8	22.5	11.7	70.4	10.7	17.1
1990	8	514.1	56.3	24.8	12.7	69.5	12.1	18.7
1990	9	274.7	50.6	16	8.8	81.1	7.3	12.4
1990	10	225.2	11.3	14.9	5.9	78.8	9.1	10.4
1990	11	77.7	49.3	7	2.3	89.6	4.7	4.7
1990	12	66.1	66.8	2.2	-1.4	87.5	3.6	0.4
1991	1	79.7	20.2	4.2	-1	83	5.2	1.6
1991	2	154	13.2	0.5	-6.5	82.3	6.9	-3
1991	3	306.3	22.2	10.5	1.8	80.8	8.7	6.1
1991	4	448	30.9	12.7	2.6	74.4	10.1	7.6
1991	5	493.5	47.1	14.2	5.1	77.1	9.2	9.6
1991	6	570.9	68.5	19.5	9.6	72.2	9.9	14.5
1991	7	630.8	22.1	25.4	13.9	68.6	11.5	19.6
1991	8	445.4	31.4	23.8	13	74.5	10.7	18.4
1991	9	353.3	9.7	21	9.5	73.5	11.5	15.3
1991	10	230.6	19	13.4	4.1	79	9.3	8.8
1991	11	87.7	48.6	6.4	1.4	86.6	5	3.9
1991	12	67.5	43	3.4	-1.9	86.8	5.3	0.7
1992	1	70.6	30.6	3.1	-2	87.4	5	0.5
1992	2	135.1	31	6.1	0.1	85.9	6	3.1
1992	3	286.6	82.2	8.8	0.8	80.1	7.9	4.8
1992	4	436.2	34.3	13.4	3.2	69.4	10.2	8.3
1992	5	597.5	19.9	20.1	7.9	64.1	12.2	14
1992	6	636.3	19.1	25.4	12.4	57	13	18.9
1992	7	581.8	39.3	26.4	13.9	63.9	12.5	20.1
1992	8	474.1	43.3	26.9	14.6	65.7	12.3	20.7
1992	9	344.3	19.7	19.1	8.9	75.3	10.2	14
1992	10	178.9	33	10.1	1.6	82.2	8.4	5.8
1992	11	91.2	50.5	7.3	1.8	87.1	5.5	4.5
1992	12	65.8	46.4	2.6	-2.1	89.2	4.7	0.2
1993	1	89.6	58	4.6	-1.8	80.5	6.4	1.4
1993	2	138.2	39.4	2.2	-2.8	87.1	5	-0.3
1993	3	304	13.5	7.4	-0.5	77.5	8	3.5
1993	4	515.2	12	15.8	4.4	62.7	11.4	10.1
1993	5	592.5	38.9	22.1	10.2	64.7	11.9	16.1
1993	6	533.9	65.5	20.2	10.5	72.5	9.7	15.3
1993	7	504.8	110.1	21.4	11.6	77.3	9.8	16.5
1993	8	462.5	32.5	21.3	11.1	74.3	10.2	16.2
1993	9	268.7	61	16.6	8.8	84.3	7.9	12.7
1993	10	199.2	27.3	12.2	4.5	83.4	7.7	8.4
1993	11	89.8	41.7	1.7	-2.8	89.8	4.5	-0.5
1993	12	59.3	106.6	4.8	0.3	86.4	4.5	2.5
1994	1	69.3	70.3	5	0.8	85.9	4.2	2.9
1994	2	168.6	13.6	1.5	-4.7	80.6	6.2	-1.6
1994	3	238.2	82.6	9.1	2	81.1	7	5.6
1994	4	434.5	56.1	14.2	3.5	72.2	10.7	8.9
1994	5	518.8	87.4	17.9	7.6	71.7	10.3	12.7
1994	6	575.3	30.1	21.5	10.4	68.9	11.1	15.9
1994	7	684.5	41.5	28.8	14.6	58.3	14.3	21.7
1994	8	459.1	110.8	23.7	13.3	70.1	10.4	18.5
1994	9	276.8	62.2	17.7	10.6	83.4	7.1	14.1
1994	10	217.2	23	12.1	3	80.7	9.1	7.6
1994	11	94.5	37	8.8	2.9	85.1	5.9	5.9
1994	12	63.9	53.2	5.5	0.7	87.5	4.9	3.1
1995	1	83.6	51.9	2.6	-2.6	85.1	5.2	0
1995	2	136.2	63.5	7.7	1	81.6	6.6	4.4
1995	3	308.5	52.9	7.5	-0.5	76.5	8	3.5
1995	4	401.8	26.8	12.9	3.8	72.9	9.1	8.4
1995	5	580.8	65.4	18.1	6.6	69.7	11.5	12.3
1995	6	488.6	101.8	20	10.6	78.5	9.4	15.3
1995	7	654.7	29.9	26.9	14.2	65.8	12.7	20.5
1995	8	530.6	77.9	25.3	12.5	66.5	12.8	18.9
1995	9	285.2	50.6	17.5	9.9	82	7.7	13.7
1995	10	203.2	12.9	16.3	7	84.4	9.3	11.6
1995	11	99.1	41.5	4.7	-1.1	87.4	5.8	1.8
1995	12	66.7	33.2	-1.3	-6	88.3	4.6	-3.6
1996	1	98.3	1.2	-2.3	-7.1	86.3	4.7	-4.7
1996	2	168	36	-0.1	-7.1	81.8	7	-3.6
1996	3	324.9	15	3.7	-2.8	78.7	6.5	0.4
1996	4	496.8	10.9	15.2	2.2	67	13	8.7
1996	5	462.8	102.3	16.6	7.9	79.6	8.7	12.2
1996	6	534.7	33.7	21.4	10.8	72.1	10.6	16.1
1996	7	491.5	155.5	20.7	11.2	76.8	9.5	16
1996	8	481	39.5	23.5	12.9	75.5	10.6	18.2
1996	9	291	43.7	15	6.9	82.4	8.1	10.9
1996	10	181.5	46.1	13.9	6.2	86.1	7.8	10.1
1996	11	80.3	27.1	7.3	2.5	86.1	4.8	4.9
1996	12	75.2	9.8	-0.9	-5.9	88	5	-3.4
1997	1	84.6	7.2	-0.3	-6	88.7	5.7	-3.1
1997	2	150.4	49.6	7.1	0.4	79	6.7	3.8
1997	3	317.4	18.3	9.5	0.2	74.9	9.3	4.9
1997	4	443.6	50.2	10.9	1	67.4	9.9	6
1997	5	567.8	56.2	18.5	7.7	73.2	10.8	13.1
1997	6	596.4	73.7	22.3	10.9	70.7	11.4	16.6
1997	7	531.6	137.7	23.2	13.1	76.7	10.1	18.2
1997	8	538.6	43.5	26.6	13.9	69.8	12.7	20.3
1997	9	335.3	24.8	19.4	8.4	77.5	10.9	13.9
1997	10	193.6	44.2	11.7	3.8	82.1	7.9	7.7
1997	11	89.6	6.1	5.5	0.3	87.5	5.2	2.9
1997	12	58.1	58.2	3.7	-0.7	89.1	4.4	1.5
1998	1	80	51	5.1	-0.4	86	5.5	2.4
1998	2	128	21.7	8.2	1.7	81	6.5	4.9
1998	3	310.7	61.5	8.3	-0.2	75	8.5	4.1
1998	4	379.5	61.1	14.8	5.3	76.5	9.4	10
1998	5	599.2	33.9	20.7	8.8	69.2	11.9	14.7
1998	6	538.2	80.8	22.5	12.2	74.4	10.4	17.3
1998	7	501.4	57.4	22.4	12.3	74.5	10.1	17.4
1998	8	464.5	62.5	22.3	11.9	73.5	10.4	17.1
1998	9	263.2	60.9	18.3	9.7	84.2	8.6	14
1998	10	156.1	94.7	11.7	5.6	83.8	6.1	8.6
1998	11	93.1	46.4	2.9	-1.3	89.3	4.2	0.8
1998	12	67.9	40.5	2.6	-2.6	86.7	5.2	0
1999	1	82.8	35.7	5.1	-0.8	86.1	5.9	2.2
1999	2	141.4	55.7	3.1	-2.3	86.6	5.4	0.4
1999	3	276.8	45.7	9.4	1.4	80.6	8	5.4
1999	4	439.8	47.8	14.6	4.2	75.6	10.4	9.4
1999	5	605.5	40.4	19.6	7.6	67.3	11.9	13.6
1999	6	486.6	45.3	21.2	10.9	75.3	10.3	16
1999	7	590.2	52.2	25.6	14.4	67.8	11.2	20
1999	8	479.2	28.2	23.9	12.1	68.1	11.8	18
1999	9	355.2	22.1	23.3	11.4	73.9	11.9	17.4
1999	10	177.1	20.9	13.5	5.6	83	7.8	9.6
1999	11	93.2	30	6.1	0.3	88.7	5.7	3.2
1999	12	64.8	52.1	4.3	-0.1	85.6	4.4	2.1
2000	1	74.8	53.9	2.9	-2.5	85.7	5.4	0.2
2000	2	137	45.1	6.9	0.8	83.1	6.1	3.9
2000	3	223.8	83	8.4	1.5	81.3	6.9	5
2000	4	478.3	22.9	17.5	5.7	70.8	11.7	11.6
2000	5	644.2	23.1	22.1	8.8	63	13.3	15.5
2000	6	615.2	37.5	23.7	11.6	64.8	12	17.6
2000	7	428.1	64.3	20.6	12.5	77.2	8.1	16.5
2000	8	507	53.8	24	12.5	73.1	11.5	18.3
2000	9	291.9	59.3	18.1	9.1	81.2	8.9	13.6
2000	10	169.3	17.2	15.7	8.5	83.9	7.2	12.1
2000	11	103.4	26.9	9.5	3.2	87	6.4	6.4
2000	12	68.2	37.7	4.7	-0.1	89.5	4.8	2.3
2001	1	81.5	30.4	2.6	-2	89.3	4.7	0.3
2001	2	146.2	29.1	5	-2.3	83.4	7.3	1.4
2001	3	252.1	71.1	6.4	-0.6	82.3	7	2.9
2001	4	405.5	40.3	12.6	3	77.2	9.6	7.8
2001	5	583.5	23.3	20.2	8.2	67.7	12	14.2
2001	6	511.6	50.5	19.9	9.8	76.3	10.1	14.9
2001	7	551	50	25.3	13.5	72.2	11.8	19.4
2001	8	455.4	46.3	25.1	14	74.8	11.1	19.5
2001	9	227.1	142.1	15.9	9.1	86.6	6.7	12.5
2001	10	179.6	18.9	16.5	8.9	85.8	7.6	12.7
2001	11	91.8	29.3	6.3	0.4	86.7	5.8	3.3
2001	12	61.6	54.5	1.2	-3	87.7	4.3	-0.9
2002	1	86.6	37.5	4	-1.8	85.6	5.8	1.1
2002	2	145.5	72.6	8.4	1.1	80.5	7.4	4.8
2002	3	306.9	41.8	9.1	1.3	77.6	7.8	5.2
2002	4	403	66	13.3	3.4	73.6	9.9	8.3
2002	5	508.7	43.4	20.9	10.4	75.6	10.5	15.6
2002	6	532.8	27.7	22.4	11.9	72.1	10.5	17.2
2002	7	498.9	68.4	24.9	13.9	72.4	10.9	19.4
2002	8	492.6	124.2	26.4	15.1	75.6	11.3	20.7
2002	9	334	52.3	19.4	8.8	77.8	10.6	14.1
2002	10	185.1	87.6	11.6	4.2	84.2	7.4	7.9
2002	11	85.7	75.9	6.7	0.8	88.2	5.9	3.7
2002	12	68.1	12.5	-0.5	-5	86	4.5	-2.8
2003	1	68.9	55.5	1.6	-4.1	88.1	5.7	-1.3
2003	2	182.6	4.9	1.8	-6	80.5	7.8	-2.1
2003	3	325.4	22.1	9	-1.2	74.4	10.2	3.9
2003	4	508.9	23.5	14	2.1	64.4	11.9	8.1
2003	5	631.2	15.3	21.4	8.9	67	12.6	15.1
2003	6	636.1	34.1	25.1	12.1	63.7	13	18.6
2003	7	551.1	95.2	24.9	14.2	73.1	10.8	19.5
2003	8	555.4	15.7	26.1	13.2	65.4	13	19.7
2003	9	367.2	32	20.9	8.4	73.6	12.5	14.6
2003	10	194.5	31.7	10.1	1.4	83.5	8.6	5.7
2003	11	102.6	30.2	9	2.5	88.6	6.5	5.7
2003	12	70.3	38.5	4.7	-0.9	85.3	5.6	1.9
2004	1	81.8	61.9	0.4	-5.2	85.9	5.6	-2.4
2004	2	145.9	45.2	5	-0.9	82.4	5.9	2
2004	3	287.5	27.4	8.8	0.8	77.7	8	4.8
2004	4	472.6	16	15.2	3.8	70.1	11.4	9.5
2004	5	526.1	44.8	17.5	7.3	72.2	10.1	12.4
2004	6	546.4	46.9	21	9.9	72.5	11.1	15.4
2004	7	586.2	105.4	23.1	12.1	74.2	11	17.6
2004	8	511.5	36.7	25.2	13.4	71.9	11.8	19.3
2004	9	359.9	35.6	19.6	8.5	74.9	11.1	14
2004	10	208.6	39.3	14.4	5.5	82.8	8.9	10
2004	11	91.9	69.8	6.9	1.5	87.8	5.4	4.2
2004	12	57	42.2	3.9	-0.5	88.7	4.5	1.7
2005	1	82.9	47.9	4.7	-0.2	84.3	4.9	2.3
2005	2	144.3	52.2	1.7	-4.1	84.1	5.9	-1.2
2005	3	320.6	17	6.9	-1.7	77.6	8.6	2.6
2005	4	515.7	17.5	15.8	2.9	65.2	12.9	9.4
2005	5	564.4	96	18.8	8	73	10.8	13.4
2005	6	614.9	27	21.9	9.9	69.4	12	15.9
2005	7	507	144.5	24.1	13.9	73.3	10.3	19
2005	8	481.8	58.8	21.8	11.3	75.6	10.6	16.6
2005	9	379	43.6	21.7	9.5	77	12.2	15.6
2005	10	233.2	22	16.4	6.1	80.8	10.3	11.2
2005	11	98.9	17.6	7.1	0.9	88.3	6.1	4
2005	12	52.3	61.1	3.1	-1.9	90.3	4.9	0.6
2006	1	103.4	18.8	-1.4	-7.8	86	6.4	-4.6
2006	2	125.9	34.4	2	-3.4	87.4	5.4	-0.7
2006	3	264.5	35.8	4.7	-2.7	81.9	7.4	1
2006	4	472	34.2	13.9	4.1	73.9	9.9	9
2006	5	616.6	40.7	19.3	7.6	67	11.7	13.5
2006	6	629.2	34.7	23.8	11.3	68.5	12.4	17.5
2006	7	703.1	14.4	30.3	15.6	57.3	14.7	22.9
2006	8	424.5	75.8	21.8	12.9	77.9	8.9	17.4
2006	9	388.7	20.6	23.5	11.6	74.5	12	17.5
2006	10	199.5	34.7	16.6	7.2	82.4	9.3	11.9
2006	11	98.9	29.7	10.6	3.7	86.4	6.8	7.2
2006	12	62	27.6	7.5	2.6	87.3	4.8	5.1
2007	1	70.9	84.3	7.6	1.9	82	5.6	4.8
2007	2	128.7	61.5	5.7	-0.2	86.3	5.9	2.7
2007	3	312.8	53.7	11.6	2.1	76.5	9.4	6.9
2007	4	546.7	1.1	17.7	3.9	61	13.8	10.8
2007	5	593.5	136.5	21.4	9	69.4	12.4	15.2
2007	6	572.8	68.6	24.1	13.1	73	11	18.6
2007	7	539.3	104.8	23.2	13.4	73.6	9.8	18.3
2007	8	488.7	81.9	23.4	12.6	75.1	10.8	18
2007	9	295.1	60.7	17.9	8.6	80.2	9.3	13.2
2007	10	194.4	11.1	12.2	3.9	84.9	8.3	8.1
2007	11	87.1	46	5.8	0.7	88.5	5	3.2
2007	12	62.6	40.1	3.9	-0.3	88.2	4.2	1.8
2008	1	76.7	80.6	5.8	0.3	85.5	5.5	3.1
2008	2	143.5	21.7	7.9	1.1	80.4	6.8	4.5
2008	3	313.4	70.3	8.5	0.9	79.2	7.6	4.7
2008	4	379.2	87	12.8	3.9	76.4	8.9	8.4
2008	5	636.1	28.7	20.8	7.8	65.9	13	14.3
2008	6	633	27.6	24.3	10.9	60.9	13.3	17.6
2008	7	597.3	60.3	24.8	12.9	68.5	11.9	18.9
2008	8	448.2	66.3	23.4	13.1	73.1	10.2	18.2
2008	9	313.1	52.1	17.8	9	79.8	8.8	13.4
2008	10	184.3	60.2	13.5	5.4	86	8.1	9.5
2008	11	85.7	37.4	7.8	2.8	88.4	5	5.3
2008	12	56.9	36.7	3.4	-0.8	89.6	4.2	1.3
2009	1	84.9	24.8	0.2	-6.1	89.2	6.3	-2.9
2009	2	118.8	46.3	2.4	-2.1	88	4.5	0.2
2009	3	248.5	41.7	8.3	1.3	81.4	7	4.8
2009	4	574.6	13.4	19.2	5.2	62.5	14	12.2
2009	5	569.5	88.9	19.7	7.1	69.9	12.6	13.4
2009	6	543.8	85.3	20.3	10.5	76.7	9.8	15.4
2009	7	602.6	116	24.5	13.9	75	10.6	19.2
2009	8	558.9	25	25.6	12.6	69	13	19.1
2009	9	353	30.9	21	9.4	76	11.6	15.2
2009	10	154.1	82.3	10.7	4.4	87.2	6.3	7.5
2009	11	100.8	55.6	10.1	4.2	86.2	5.9	7.2
2009	12	57	63.1	1.6	-2.8	89.5	4.4	-0.6
2010	1	92.4	36.3	-3.4	-8.6	87.6	5.1	-6
2010	2	148.1	26.3	2.1	-3.5	85.4	5.6	-0.7
2010	3	302.2	41.1	8.7	0	78.1	8.7	4.4
2010	4	501.2	24.7	15	2.7	68.8	12.3	8.8
2010	5	390	77.7	15	7.2	81.1	7.8	11.1
2010	6	618	6.2	23	10.1	69	13	16.5
2010	7	635.5	85.1	28	14.8	65	13.2	21.4
2010	8	419.9	227.4	22.9	13.9	79.6	9	18.4
2010	9	297.4	95.7	17.3	8.5	83.5	8.8	12.9
2010	10	216	27.2	11.8	3.3	82.2	8.5	7.5
2010	11	68.1	125.3	6.9	2.3	89.3	4.6	4.6
2010	12	64.3	75.3	-2.3	-8.8	90.2	6.4	-5.5
2011	1	77.1	33	3.1	-1.8	90.8	4.9	0.7
2011	2	158	26.4	2	-4.5	78	6.5	-1.3
2011	3	344.2	23	9.9	-1	72.2	10.9	4.4
2011	4	466.3	19.3	18.1	6.1	64.2	12	12.1
2011	5	634.7	28.1	21.2	7.3	63.4	13.8	14.3
2011	6	621.6	47.6	24.4	12.2	66.8	12.1	18.3
2011	7	438.8	217.3	22.3	12.8	77.8	9.6	17.5
2011	8	485.4	47.5	23.7	13.5	76	10.3	18.6
2011	9	361.4	74.2	20.8	10.3	78.2	10.6	15.5
2011	10	229	31.2	14.5	5.4	83.8	9.1	9.9
2011	11	128.2	1.4	7.9	0.3	89.1	7.6	4.1
2011	12	55.6	66.1	6.3	1.8	86.3	4.5	4
2012	1	77.1	69	3.6	-1.1	85.2	4.7	1.2
2012	2	151.3	36.1	0.7	-6.7	81.9	7.4	-3
2012	3	312.8	15.6	11.6	2	75	9.6	6.8
2012	4	480.7	37.2	14.5	3.4	67.8	11.1	9
2012	5	614.7	51.9	21.2	8.7	64.5	12.5	15
2012	6	537.2	91.6	21.1	10.6	72.8	10.5	15.9
2012	7	569.7	105.4	23.9	13.6	74.8	10.3	18.7
2012	8	516.6	58.4	24.4	12.8	73.4	11.7	18.6
2012	9	352.9	37.9	20.2	9.2	77.7	11	14.7
2012	10	208.3	22.6	13.6	4.4	84.3	9.2	9
2012	11	88	63.5	7.7	2.4	90.1	5.2	5.1
2012	12	65.1	37.9	2.4	-2.9	89	5.3	-0.2
2013	1	68.6	57.4	1.3	-3.4	88.8	4.7	-1.1
2013	2	118.5	37.1	1.6	-2	89.6	3.6	-0.2
2013	3	318.4	34.3	2.4	-5.3	76.3	7.8	-1.5
2013	4	417	20.3	13.2	3.8	70.9	9.4	8.5
2013	5	506.5	78.6	19.2	8.6	73.9	10.6	13.9
2013	6	564.4	101.8	22.4	11.7	73.4	10.7	17
2013	7	641	60.2	26.3	13.6	69.1	12.8	19.9
2013	8	499.6	36.7	24.9	13	70.8	11.9	18.9
2013	9	268.7	50.9	17.4	8.7	82.8	8.8	13.1
2013	10	205.2	37.3	15.5	6.2	82.4	9.2	10.9
2013	11	69.1	43	7.6	2.3	89.6	5.4	5
2013	12	64.4	20.8	6.3	1.1	86.9	5.2	3.7
2014	1	83.4	32.8	2.5	-2.6	87.8	5.1	0
2014	2	183.8	8	8.9	0.2	80.9	8.7	4.5
2014	3	328.9	20	12.8	1.8	76.8	10.9	7.3
2014	4	459.3	35.6	16.6	5.6	74.7	10.9	11.1
2014	5	531.2	110.8	18.4	7.8	74.7	10.6	13.1
2014	6	576.1	64.1	22	10.5	71	11.5	16.3
2014	7	634.7	101.4	27.3	15	69.6	12.3	21.1
2014	8	498.6	68.8	22.7	11.8	75.3	10.9	17.2
2014	9	325.5	36.8	20.2	11.1	81.1	9.1	15.6
2014	10	194.5	40.8	15.8	7.9	86.5	7.9	11.9
2014	11	98.7	5.6	9	3.8	89.8	5.1	6.4
2014	12	57.2	35.4	4.6	-0.3	87	4.9	2.2
2015	1	65.7	66.8	4.6	0.2	86.2	4.4	2.4
2015	2	172.7	6.1	5.4	-2.4	83	7.8	1.5
2015	3	314	36.9	10	0.8	75.5	9.2	5.4
2015	4	493.7	28.6	14.6	2.2	67.7	12.4	8.4
2015	5	573.9	19.7	19	5.8	68.3	13.1	12.4
2015	6	565.2	54.7	21.7	10.2	68.5	11.6	15.9
2015	7	618.9	70.8	25.7	13.5	67	12.2	19.6
2015	8	579.2	28.9	29.5	14.6	61.2	14.9	22.1
2015	9	357.7	51	19.7	8.9	77.7	10.8	14.3
2015	10	194.6	49.5	12.3	4.2	82.4	8.1	8.3
2015	11	96.1	68.3	10.5	3.7	85.7	6.8	7.1
2015	12	63.9	24.4	9.2	3.5	84.7	5.6	6.3
2016	1	77	41.2	1.8	-3.7	86	5.5	-0.9
2016	2	148.8	54.8	6.7	0.6	82.7	6.2	3.6
2016	3	271.5	25.2	8	0.4	82	7.6	4.2
2016	4	459.7	39	13.5	2.8	70.2	10.7	8.2
2016	5	610.1	19.4	21.2	8.9	66.7	12.3	15.1
2016	6	605.1	79.4	24.3	12.5	70.1	11.7	18.4
2016	7	544.5	80.7	24.9	13.9	72.1	11	19.4
2016	8	475.5	39.5	23.8	12.3	74.2	11.4	18
2016	9	384	8.7	24	10.8	72.9	13.2	17.4
2016	10	151	69.5	11	5.7	88.7	5.3	8.3
2016	11	96	41.3	6.4	0.4	87.9	6	3.4
2016	12	59.1	44.4	4.8	-0.5	88.1	5.2	2.1
2017	1	91.6	29.5	0.5	-4.3	86.7	4.9	-1.9
2017	2	139.8	41.6	4.7	-1.3	81.4	6	1.7
2017	3	289.6	41.4	11.4	2.2	77	9.2	6.8
2017	4	423.1	23.9	12.6	3.1	73.7	9.5	7.8
2017	5	545.3	38.6	20.3	8.1	70.8	12.2	14.2
2017	6	605.9	148	23.7	11.9	69.8	11.8	17.8
2017	7	541.9	139.8	23.8	13.6	75.2	10.2	18.7
2017	8	509.2	68.3	24.2	13.3	74.5	10.9	18.7
2017	9	320.9	39.5	18.2	8.9	82.2	9.2	13.5
2017	10	180.6	82.9	14.9	8.2	85.2	6.8	11.5
2017	11	82.2	59.6	7.9	2.8	88.8	5.1	5.3
2017	12	55.8	39	5.1	0.7	87.4	4.4	2.9
2018	1	73	59.7	5.2	0.6	85.5	4.6	2.9
2018	2	184.1	2.9	1.6	-5.5	80.1	7	-1.9
2018	3	279.1	45.3	5.2	-3	76.5	8.2	1.1
2018	4	519.4	30.3	19.5	6.5	69.1	13	13
2018	5	679	35.6	23.6	9.9	62.4	13.7	16.7
2018	6	578.9	47	24.8	13.1	67.3	11.6	18.9
2018	7	650.7	84.6	26.8	13.7	66.1	13.2	20.3
2018	8	550.7	10.6	28	14	61.9	14	21
2018	9	356.1	35.1	22.3	10.1	70	12.2	16.2
2018	10	228.4	25.7	16.4	5.2	76	11.2	10.8
2018	11	105.5	13.6	8	1.8	86.4	6.2	4.9
2018	12	45.9	53.8	5.8	1.8	88.4	4	3.8
2019	1	75.9	56.3	3	-1.7	85	4.7	0.7
2019	2	172.9	24.4	8.5	-0.3	76.9	8.8	4.1
2019	3	266.3	57.3	10.6	2.4	77.4	8.2	6.5
2019	4	540.9	10	16.9	3.7	60.4	13.2	10.3
2019	5	534.2	51.4	17.6	6	70.5	11.6	11.8
2019	6	725.1	43.8	29.2	14.5	60.7	14.8	21.8
2019	7	573.3	59.8	25	13.7	65.7	11.2	19.3
2019	8	536.4	27.1	27.2	13.9	66	13.3	20.5
2019	9	333.6	45.4	20.1	9.1	73.9	11	14.6
2019	10	205	49.9	15.5	6.6	83.9	8.9	11.1
2019	11	94.6	33.3	9	3.3	89.8	5.7	6.1
2019	12	64.5	32.9	6.3	0.9	86	5.4	3.6
