yyyy	mm	SLR	PCP	MAX	MIN	HMD	DIF	TAS
1990	1	62.94	20.4	3.36	-0.45	85.61	3.81	1.46
1990	2	136.57	20.9	7.38	1.57	80.86	5.81	4.48
1990	3	283.14	44.6	9.41	1.73	74.23	7.67	5.57
1990	4	453.41	13.2	13.76	2.32	68.43	11.44	8.04
1990	5	618.15	51.3	18.29	6.01	69.52	12.28	12.15
1990	6	574.3	58.9	20.93	10.21	75.23	10.72	15.57
1990	7	522.17	51.8	20.95	11.3	77.48	9.65	16.13
1990	8	486.1	44.7	22.56	11.69	76.35	10.87	17.13
1990	9	238.49	98	14.28	7.15	84.9	7.13	10.72
1990	10	177.99	35.3	12.41	4.39	82.84	8.01	8.4
1990	11	68.59	58	5.85	1.86	90.1	3.99	3.85
1990	12	45.43	25	0.73	-2.6	88.81	3.33	-0.94
1991	1	74.48	19.6	2.24	-2.75	84.65	4.99	-0.25
1991	2	140.95	28.8	-1.81	-7.23	83.39	5.42	-4.52
1991	3	247.42	19.1	6.42	0.08	83.48	6.34	3.25
1991	4	419.95	33.5	11.69	1.87	77.03	9.82	6.78
1991	5	507.2	55	14.04	4.66	78.55	9.37	9.35
1991	6	544.06	74.8	19.05	9.12	77.4	9.93	14.09
1991	7	613.78	31.7	23.05	12.23	76	10.83	17.64
1991	8	460.77	58.4	22.69	12.95	80.16	9.73	17.82
1991	9	325.15	48.1	18.3	8.59	81.5	9.71	13.45
1991	10	203.81	18.2	11.54	3.99	82.74	7.54	7.76
1991	11	74.65	40.4	5.35	1.12	88.9	4.23	3.23
1991	12	49.06	39.1	1.53	-3.68	88.06	5.21	-1.08
1992	1	75.69	30.4	1.38	-4.34	86.29	5.72	-1.48
1992	2	110.87	39	2.56	-2.29	87.28	4.85	0.13
1992	3	270.57	53.3	6.33	-0.91	81	7.24	2.71
1992	4	384.8	65.9	9.75	1.87	77.67	7.88	5.81
1992	5	571.27	49.2	17.8	6.58	71.87	11.22	12.19
1992	6	632.33	18.1	22.78	9.85	68.33	12.92	16.32
1992	7	651.5	44.3	24.94	12.24	68.35	12.7	18.59
1992	8	511.98	15.2	25.77	12.91	68.9	12.86	19.34
1992	9	283.39	135.2	16.83	8.29	82.43	8.54	12.56
1992	10	167.12	39.6	8.09	2.05	85.71	6.05	5.07
1992	11	73.01	69.7	5.01	0.74	88.5	4.26	2.88
1992	12	51.42	31.5	1.41	-2.72	90.26	4.14	-0.65
1993	1	78.1	56.2	2.16	-3.52	82.97	5.68	-0.68
1993	2	121.62	27.9	1.02	-3.83	86.25	4.85	-1.4
1993	3	257.64	40.2	3.5	-3.25	82.32	6.75	0.12
1993	4	406	16.7	12.89	2.88	72.53	10.01	7.89
1993	5	643.05	43.6	21.77	8.82	68	12.96	15.3
1993	6	541.1	94.5	18.89	8.85	77.3	10.04	13.87
1993	7	512.63	79.9	20.3	10.98	81.03	9.32	15.64
1993	8	449.63	70.7	20.03	10.52	78.87	9.51	15.27
1993	9	257.55	73.9	14.03	6.98	85.6	7.05	10.51
1993	10	178.75	12.8	10.65	3.58	84.42	7.07	7.11
1993	11	89.97	17.7	-0.94	-5.69	85.27	4.75	-3.32
1993	12	41.09	66.2	2.45	-1.56	89.13	4.01	0.44
1994	1	55.46	57.5	2.55	-0.84	88.94	3.39	0.86
1994	2	134.39	21.8	-2.22	-8.72	84.68	6.5	-5.47
1994	3	266.48	72.2	4.76	-1.32	81.84	6.08	1.72
1994	4	364.06	92.9	12.52	3.55	78.63	8.97	8.04
1994	5	567.26	40.1	16.24	5.23	74.35	11.02	10.73
1994	6	583.21	35.5	18.98	8.92	74.33	10.06	13.95
1994	7	683.26	8.9	26.64	12.34	65.52	14.3	19.49
1994	8	470.84	66	22.95	12.26	76.94	10.69	17.6
1994	9	266.58	63.9	17.66	10.23	84.3	7.43	13.94
1994	10	178.67	79.5	9.59	2.85	84.1	6.75	6.22
1994	11	99.19	45.8	5.6	-0.02	84.87	5.62	2.79
1994	12	46.19	69.9	2.02	-2.3	89.84	4.32	-0.14
1995	1	70.26	35.8	-0.46	-5.09	86.84	4.63	-2.78
1995	2	123.5	37.8	4.78	-0.58	85.29	5.36	2.1
1995	3	256.28	43.1	5.04	-0.71	81.87	5.74	2.16
1995	4	416.78	41.4	11.62	2.47	74.57	9.15	7.05
1995	5	524.91	56.6	16.59	5.8	73.84	10.79	11.2
1995	6	534.44	122.6	21.3	11.34	80.13	9.95	16.32
1995	7	610.57	46	24.06	12.4	74.94	11.67	18.23
1995	8	509.75	53.1	23.27	11.23	73.65	12.05	17.25
1995	9	243.7	104.4	16.19	9.07	85.97	7.11	12.63
1995	10	194.84	33.7	13.91	6.08	85.55	7.83	10
1995	11	93.33	25.2	2.55	-2.81	87.87	5.36	-0.13
1995	12	60.39	22.7	-3.1	-9.03	87.52	5.93	-6.07
1996	1	72.96	16.8	-4.21	-9.74	87.61	5.53	-6.97
1996	2	153.53	35.9	-3.66	-10.6	84.72	6.94	-7.13
1996	3	321.27	14.4	0.76	-6.75	81	7.52	-3
1996	4	496.21	21.9	12.48	1.04	71.13	11.44	6.76
1996	5	517.84	84.6	18.69	8.14	78.81	10.56	13.41
1996	6	568.28	37	20.61	10.12	75.27	10.49	15.37
1996	7	516.52	73.5	19.74	10.67	79.06	9.06	15.2
1996	8	470.35	44.9	23.26	12.45	76.16	10.81	17.86
1996	9	239.59	39.1	13.45	6.35	84.73	7.1	9.9
1996	10	169	36.5	12.28	4.77	87.06	7.51	8.52
1996	11	78.68	40.1	6.97	2.54	87.33	4.43	4.76
1996	12	58.11	11.5	-3.48	-8.74	88.48	5.26	-6.11
1997	1	79.27	8.8	-1.51	-7.32	88.45	5.81	-4.41
1997	2	127.6	40	3.71	-1.79	83.29	5.5	0.96
1997	3	287.05	33	5.91	-1.93	80.1	7.84	1.99
1997	4	448.02	41.5	8.58	-0.27	76.73	8.85	4.16
1997	5	537.87	59.1	16.65	6.25	74.32	10.39	11.45
1997	6	573.89	45	20.51	10.36	75.53	10.15	15.43
1997	7	526.16	142.2	22.1	12.93	80.81	9.17	17.52
1997	8	560.51	29.1	24.7	12.33	74.68	12.37	18.52
1997	9	296.29	50.3	16.97	8.29	80.17	8.68	12.63
1997	10	166.23	82.3	8.88	2.81	86.87	6.07	5.85
1997	11	63.98	72	4.11	0.09	89.83	4.02	2.1
1997	12	38.71	38.3	0.69	-3	90.35	3.69	-1.15
1998	1	77.08	45	2.75	-1.97	88.19	4.72	0.39
1998	2	101.14	32.7	4.98	-0.78	84.25	5.76	2.1
1998	3	316.02	52.5	4.18	-3.95	80.32	8.13	0.11
1998	4	396.34	47.9	13.28	3.99	78.57	9.29	8.64
1998	5	592.42	54.2	18.62	7.22	73.19	11.4	12.92
1998	6	460.35	138.8	20.69	11.24	77.77	9.44	15.97
1998	7	507.79	66.9	20.66	11.26	78.03	9.4	15.96
1998	8	427.2	84.4	19.26	10.78	80.48	8.47	15.02
1998	9	300.3	12.3	17.39	7.96	83.6	9.43	12.67
1998	10	162.68	53.6	10.13	3.87	84.1	6.26	7
1998	11	83.65	41.3	-0.79	-5.97	88.2	5.17	-3.38
1998	12	51.61	46.9	-0.35	-5.95	87.81	5.6	-3.15
1999	1	72.06	26.5	1.18	-3.83	88.29	5.01	-1.33
1999	2	126.91	42.8	0.05	-5.73	88.14	5.78	-2.84
1999	3	295.19	24.7	7.56	-0.67	79.58	8.23	3.45
1999	4	366.09	73.8	13.15	3.94	78.37	9.21	8.55
1999	5	591.68	74.7	16.36	4.6	70.55	11.76	10.48
1999	6	506.53	140	22.15	12.13	79.33	10.01	17.14
1999	7	626.88	61.6	24.76	13.41	70.9	11.35	19.09
1999	8	470.94	76.7	22.31	10.87	75.55	11.44	16.59
1999	9	364.05	27.2	20.06	9.39	78.5	10.67	14.73
1999	10	163.32	78.1	10.8	4.53	85.45	6.26	7.66
1999	11	82.42	37.9	3.48	-1	89.7	4.49	1.24
1999	12	55.34	64.9	2.04	-1.96	86.84	4	0.04
2000	1	65.52	46.7	0.3	-4.18	89.35	4.48	-1.94
2000	2	133.49	42.6	4.07	-1.22	85.21	5.28	1.42
2000	3	237.1	65.8	5.14	-1.07	83.97	6.21	2.04
2000	4	500.98	26.4	17.05	4.79	71.9	12.25	10.92
2000	5	669.73	43.6	20.1	6.12	64.87	13.98	13.11
2000	6	614.17	33.4	21.41	9.77	69.47	11.63	15.59
2000	7	461.02	86	20.16	11.03	81.32	9.14	15.6
2000	8	467.48	86.5	21.95	11.46	78.26	10.49	16.71
2000	9	325.39	38.4	15.85	5.66	80.77	10.19	10.75
2000	10	226.41	2.2	15	6.61	80.16	8.4	10.8
2000	11	69.67	44.3	7.83	3.44	88.33	4.38	5.64
2000	12	36.58	52.5	2.94	-0.7	90.58	3.64	1.12
2001	1	67.54	21.6	0.53	-2.7	88.94	3.24	-1.09
2001	2	153.7	24.8	1.49	-5.27	84.04	6.75	-1.89
2001	3	298.97	39.2	4.59	-3.2	80.94	7.78	0.7
2001	4	353.58	62.3	11.57	3.24	80.73	8.32	7.41
2001	5	623.06	36.8	18.25	6.55	68.65	11.7	12.4
2001	6	517.94	77.8	18.56	8.77	77.93	9.79	13.66
2001	7	552.34	165.9	25.01	15.3	79	9.7	20.15
2001	8	453.28	43	23.12	13.02	78.39	10.1	18.07
2001	9	217.91	121	15.33	8.28	87.17	7.05	11.81
2001	10	155.59	31.5	13.53	7	86.23	6.53	10.27
2001	11	90.69	48	4.33	-0.27	86	4.59	2.03
2001	12	49.9	42.5	-1.66	-7.79	88.29	6.13	-4.73
2002	1	54.8	63.4	1.49	-3.44	87.52	4.93	-0.97
2002	2	127.66	57.8	5.46	-0.11	82.71	5.58	2.68
2002	3	307.51	37.5	7.77	-0.12	76.77	7.89	3.83
2002	4	434.43	17.2	12.98	2.63	72.17	10.35	7.81
2002	5	596.37	38	21.98	9.93	70	12.05	15.95
2002	6	592.49	46.3	21.46	10.96	72.1	10.51	16.21
2002	7	601.02	60.2	25.17	14.24	71.42	10.93	19.7
2002	8	551.98	28.6	26.56	13.56	69.81	13	20.06
2002	9	342.22	54.6	18.12	7.65	78.73	10.47	12.89
2002	10	135.18	134.9	8.84	3.47	86.52	5.36	6.15
2002	11	83.07	27.6	5.21	0.47	87.57	4.74	2.84
2002	12	57.57	11.7	-4.29	-10.08	86.65	5.79	-7.19
2003	1	66.72	36.8	-1.24	-6.81	87.26	5.56	-4.02
2003	2	147.58	9.4	-1.47	-8.93	84.79	7.46	-5.2
2003	3	325.36	11.6	5.8	-3.42	77.19	9.22	1.19
2003	4	448.2	39.9	10.71	0.51	69.07	10.2	5.61
2003	5	571.06	48	19.43	7.81	71.9	11.62	13.62
2003	6	633.43	53.8	21.34	10.1	68.97	11.25	15.72
2003	7	586.96	95.9	24.73	14.11	77.68	10.62	19.42
2003	8	471.81	65.7	22.44	12.31	73.65	10.13	17.38
2003	9	350.3	47.5	18.9	7.53	77.17	11.37	13.22
2003	10	167.35	86.7	8.09	1.7	84.74	6.38	4.9
2003	11	77.06	68.1	6.47	2.36	88.97	4.11	4.41
2003	12	46.69	53.9	3	-1.29	86.45	4.29	0.86
2004	1	78.9	37.7	-4.15	-9.75	86.87	5.6	-6.95
2004	2	126.08	52.9	1.58	-3.69	84.21	5.27	-1.05
2004	3	245.06	48.5	5.61	-1.09	80.94	6.7	2.26
2004	4	503.85	31.2	12.52	2.02	69.27	10.51	7.27
2004	5	533.85	69.8	15.06	6.15	73.58	8.9	10.61
2004	6	562.86	79.6	18.87	9.2	72.3	9.67	14.03
2004	7	546.43	64	20.96	11.57	77.16	9.39	16.27
2004	8	500.16	121.6	23.41	13	75.35	10.41	18.2
2004	9	310.75	32.3	17.61	8.46	77.47	9.15	13.04
2004	10	178.38	64	12.32	5.54	83.23	6.78	8.93
2004	11	83.45	48.9	4.91	0.01	87.83	4.9	2.46
2004	12	40.88	45.1	3	-0.49	88.39	3.49	1.26
2005	1	66.96	44.8	2.38	-1.69	84.68	4.08	0.35
2005	2	149.46	30.3	-1.13	-7.11	83.82	5.99	-4.12
2005	3	303.03	50	1.83	-5.82	79.19	7.65	-2
2005	4	472.79	18.4	13.14	1.98	68.97	11.16	7.56
2005	5	593.84	47.6	17.55	6.44	72.71	11.11	11.99
2005	6	599.22	37	20.01	9.46	72.07	10.56	14.74
2005	7	630.62	74.2	24.74	12.68	70.35	12.06	18.71
2005	8	459.99	69.6	21.71	11.01	75.48	10.7	16.36
2005	9	363.4	35.9	20.39	9.23	76.87	11.16	14.81
2005	10	210.61	24.2	13.21	3.73	80.77	9.48	8.47
2005	11	81.76	42.7	4.95	0.6	87.57	4.35	2.77
2005	12	39.19	64.2	0.42	-3.34	90.19	3.76	-1.46
2006	1	80.97	19.9	-5.22	-11.15	85.68	5.92	-8.18
2006	2	135.81	34.9	-1.25	-7.75	87.61	6.5	-4.5
2006	3	327.25	11.7	1.83	-7.09	82.1	8.92	-2.63
2006	4	436.52	19.5	12.31	2.15	73.37	10.16	7.23
2006	5	589.16	71.4	17.96	7.01	67.81	10.95	12.49
2006	6	620.86	57.3	21.74	9.71	71.1	12.03	15.72
2006	7	687.95	47.2	27.07	14.07	63.71	13	20.57
2006	8	400.06	201.3	21.53	13.14	81.84	8.38	17.33
2006	9	358.63	80.2	20.55	10.23	79.2	10.32	15.39
2006	10	175.65	43.3	13.74	6.36	82.61	7.38	10.05
2006	11	76.73	77.2	7.39	2.59	89.33	4.8	4.99
2006	12	46.53	42.1	6.21	1.93	87.71	4.28	4.07
2007	1	64.55	103.3	4.64	-0.32	85.03	4.95	2.16
2007	2	127.77	24.1	-0.75	-5.69	85.21	4.94	-3.22
2007	3	291.97	30.3	10.16	1.25	77.52	8.91	5.7
2007	4	511.66	26.7	13.28	1.55	64.5	11.74	7.42
2007	5	592.33	83.2	19.4	7.97	72.39	11.42	13.69
2007	6	569.78	90.4	22.99	12.09	73.03	10.9	17.54
2007	7	547.19	135.3	21.94	12.68	76.74	9.25	17.31
2007	8	442.67	106.6	22.72	13.76	79.29	8.95	18.24
2007	9	314.07	55.8	17.4	8.38	82.37	9.02	12.89
2007	10	164.51	31.3	11.22	4.41	85.52	6.81	7.82
2007	11	81.66	55.5	2.94	-1.09	90.07	4.03	0.92
2007	12	42.08	19.1	2.1	-1.08	89.81	3.18	0.51
2008	1	67.84	57.7	2.21	-2.02	87.65	4.23	0.09
2008	2	115.22	31.7	4.93	-0.07	82.69	5	2.43
2008	3	279.75	69.8	6	-0.5	83.03	6.5	2.75
2008	4	398.71	35.2	12.83	2.99	75.57	9.84	7.91
2008	5	585.88	25.4	17.6	6.13	72.77	11.46	11.86
2008	6	661.11	51.3	22.54	9.83	64.47	12.71	16.19
2008	7	594.14	64.4	23.24	12.21	74.94	11.03	17.73
2008	8	428.66	141	22.24	12.91	77.19	9.33	17.57
2008	9	251.83	40.1	15.98	7.81	84.07	8.17	11.89
2008	10	164.71	79.1	12.34	5.34	85.55	7	8.84
2008	11	88.33	40.5	6.12	1.28	88.4	4.84	3.7
2008	12	48.76	37	2.02	-1.85	90.23	3.87	0.08
2009	1	73.03	31.6	-0.9	-6.05	88.45	5.15	-3.47
2009	2	127.08	36.4	0.02	-4.78	90.18	4.79	-2.38
2009	3	245.16	72.1	4.13	-1.31	85.9	5.44	1.41
2009	4	557.86	5	15.95	2.13	61.63	13.82	9.04
2009	5	609.76	76.3	18.13	6.38	71.1	11.75	12.25
2009	6	453.26	127	19.35	10.32	81.1	9.03	14.84
2009	7	591.68	133.9	23.62	13.35	76.61	10.27	18.49
2009	8	494.66	39.9	22.75	11.33	73.1	11.42	17.04
2009	9	347.52	24.3	19.48	9.14	78.33	10.34	14.31
2009	10	136.54	69.2	8.8	2.86	88.26	5.94	5.83
2009	11	69.23	39.7	6.72	2.26	87.97	4.46	4.49
2009	12	47.45	44.5	0.01	-4.64	89.48	4.65	-2.31
2010	1	87.06	26.9	-6.39	-12.83	85.77	6.44	-9.61
2010	2	135.05	23.7	-0.85	-5.98	86.86	5.14	-3.41
2010	3	297.31	30.7	6.2	-2.25	79.23	8.45	1.97
2010	4	455.21	19.8	13.47	2.18	71.67	11.29	7.83
2010	5	448.9	164.2	17.19	7.94	83	9.25	12.56
2010	6	563.86	91.8	21.02	10.78	74.47	10.24	15.9
2010	7	582.21	73.3	26.23	15.27	73.74	10.96	20.75
2010	8	479.28	157.1	24.07	14.27	80.13	9.8	19.17
2010	9	275.88	42.8	16.14	8.04	84.13	8.1	12.09
2010	10	219.27	22.8	9.79	0.63	81.35	9.16	5.21
2010	11	58.5	92.6	6.56	1.87	88.77	4.69	4.22
2010	12	53.53	61.6	-4.29	-10.31	89.97	6.03	-7.3
2011	1	67.07	40.3	0.23	-4.31	91.32	4.54	-2.04
2011	2	152	54.8	-2.08	-9.89	80.89	7.82	-5.98
2011	3	318.89	16.9	6.2	-2.86	74.74	9.06	1.67
2011	4	461.8	40.4	14.66	3.9	69.73	10.75	9.28
2011	5	563.21	45.3	18.49	7.08	70.71	11.41	12.79
2011	6	624.1	64.3	22.52	11.48	72.5	11.04	17
2011	7	440.7	185.7	22.51	14.18	82.52	8.33	18.35
2011	8	477.4	70.2	22.66	12.76	78	9.9	17.71
2011	9	333.02	28.9	19.05	9.54	78.9	9.51	14.3
2011	10	192.47	29.5	12.03	4.37	83.32	7.66	8.2
2011	11	83.44	13.3	5.82	0.6	89.83	5.23	3.21
2011	12	49.44	26.2	3.87	-0.27	88.23	4.14	1.8
2012	1	74.52	66.5	0.31	-4.79	88.68	5.1	-2.24
2012	2	144.15	35.1	-4.1	-11.01	83.66	6.91	-7.55
2012	3	311.56	21.9	7.65	-1.14	79.23	8.79	3.25
2012	4	449.17	86.4	13.17	2.6	71.47	10.57	7.89
2012	5	599.16	63	19.53	7.05	68.74	12.48	13.29
2012	6	503.62	100.3	19.48	10.06	75.8	9.42	14.77
2012	7	577.8	123.1	24.27	13.59	77.45	10.68	18.93
2012	8	469.83	86.2	22.29	12.5	77.74	9.79	17.39
2012	9	289.52	33	18.3	9.17	79.03	9.13	13.73
2012	10	169.87	75.9	11.31	4.24	85.97	7.07	7.78
2012	11	67.33	45.8	6.74	2.62	91.37	4.12	4.68
2012	12	53.06	28.9	-1.87	-6.68	89.19	4.81	-4.27
2013	1	70.14	43.2	-3	-7.74	88.32	4.73	-5.37
2013	2	125.31	36.9	0.62	-3.23	88.79	3.85	-1.31
2013	3	346.49	33.1	0.38	-7.51	71.52	7.89	-3.56
2013	4	442.12	41.5	10.73	1.16	74.8	9.57	5.94
2013	5	570.65	37.6	20.34	9.24	72.35	11.11	14.79
2013	6	582	96.5	22.84	12.17	76.8	10.67	17.5
2013	7	583.15	60.4	23.16	12.65	77.03	10.52	17.9
2013	8	502.55	57.1	23.42	11.97	74.39	11.45	17.7
2013	9	263.89	99.7	15.82	7.58	84.27	8.24	11.7
2013	10	178.33	20.1	12.91	5.15	83.97	7.76	9.03
2013	11	63.35	36.6	6.99	2.53	90.1	4.45	4.76
2013	12	48.27	46.2	4.06	-0.31	87.84	4.37	1.87
2014	1	70.38	61.9	-2	-6.58	84.94	4.58	-4.29
2014	2	146.62	8.2	4.08	-2.35	83.39	6.43	0.86
2014	3	290.04	54.4	9.56	1.03	77.94	8.53	5.29
2014	4	471.47	35.1	14.81	3.35	71.83	11.46	9.08
2014	5	567.33	54.5	18.67	7.66	74.13	11.01	13.16
2014	6	549.05	64.7	19.57	9.28	74.33	10.29	14.42
2014	7	654.86	48.9	26.2	14.17	70.48	12.03	20.18
2014	8	471.4	88.1	22.71	12.05	76.23	10.66	17.38
2014	9	366.72	20.9	19.69	8.19	78.63	11.5	13.94
2014	10	203.09	14.8	13.01	4.32	82.23	8.69	8.66
2014	11	67.93	29.8	5.58	1.06	88.8	4.52	3.32
2014	12	49.49	54	1.61	-3.03	88.39	4.64	-0.71
2015	1	62.9	66.8	2.32	-2.18	86.84	4.5	0.07
2015	2	144.68	13.9	2.82	-2.56	83.96	5.39	0.13
2015	3	289.54	50.8	8.81	0.32	74.19	8.49	4.56
2015	4	460.26	33.7	12.55	2.46	71.1	10.08	7.51
2015	5	548.87	37.3	17.19	5.87	71.68	11.32	11.53
2015	6	624.26	26.2	21.23	9.15	68.63	12.08	15.19
2015	7	602.29	91	23.19	11.76	68.61	11.43	17.47
2015	8	601.06	10.4	26.94	13.41	61.74	13.53	20.17
2015	9	319.89	52.8	19.13	9.59	77.73	9.55	14.36
2015	10	190.8	17	10.83	2.61	81.13	8.22	6.72
2015	11	68.9	93.7	6.63	2.59	87.9	4.04	4.61
2015	12	51.92	64.5	5.7	0.89	86.32	4.81	3.3
2016	1	73.84	31.9	-1.99	-7.86	86.48	5.87	-4.92
2016	2	129.87	67.8	4.4	-0.5	84.03	4.89	1.95
2016	3	246.93	23.4	6.25	-0.72	80.74	6.96	2.76
2016	4	439.02	44.3	13.01	2.95	69.83	10.06	7.98
2016	5	627.69	47.7	20.49	7.84	69.03	12.65	14.16
2016	6	635.11	72.8	23.24	11.11	70	12.13	17.18
2016	7	530.66	135.7	23.26	13.3	76.97	9.96	18.28
2016	8	433.63	67.6	22.16	12.2	76.32	9.96	17.18
2016	9	361.31	25.4	19.82	8.44	77.03	11.38	14.13
2016	10	130.77	130.3	8.92	3.35	87.39	5.57	6.13
2016	11	81.81	76.4	4.39	-0.08	88.97	4.47	2.15
2016	12	51.22	54.5	2.95	-1.3	89.61	4.25	0.83
2017	1	79.13	25.4	-1.21	-5.96	86.58	4.75	-3.59
2017	2	110.74	47.8	1.05	-3.95	83.79	5	-1.45
2017	3	254.81	58.4	8.08	0.81	78.58	7.27	4.44
2017	4	408.8	65.2	10.68	1.86	74.8	8.82	6.27
2017	5	638.28	21.6	18.28	6.9	68.74	11.38	12.59
2017	6	554.15	82.9	21.33	10.81	70.87	10.52	16.07
2017	7	521.25	96.1	22.04	12.1	75.61	9.94	17.07
2017	8	470.3	51.2	23.2	12.55	74.81	10.65	17.88
2017	9	249.72	126.1	16.74	9.94	83.43	6.8	13.34
2017	10	137.88	128.5	11.36	5.74	86.97	5.62	8.55
2017	11	63.46	51.6	5.94	1.82	89.7	4.12	3.88
2017	12	44.7	58.9	3.37	-0.56	88.87	3.93	1.4
2018	1	59.79	37	1.34	-3.14	87.23	4.48	-0.9
2018	2	154.23	9.7	-1.92	-7.53	82.21	5.61	-4.72
2018	3	282.4	17.1	2.59	-4.85	76.19	7.44	-1.13
2018	4	492.86	39.9	17.4	5.39	69.17	12.01	11.4
2018	5	672.99	60.8	22.54	9.71	64.48	12.83	16.12
2018	6	644.18	36.9	23.28	11.48	66.43	11.8	17.38
2018	7	560.84	103.4	25.21	14.9	74.35	10.31	20.05
2018	8	513.13	58.3	24.85	14.11	71.9	10.74	19.48
2018	9	358.47	39	20.48	9.86	75	10.62	15.17
2018	10	225	53.5	14.36	4.23	79.94	10.13	9.3
2018	11	80.96	23.6	5.66	1.27	87.67	4.39	3.47
2018	12	38.9	67	2.06	-1.33	90.58	3.39	0.37
2019	1	73.78	58.1	-0.46	-5.79	86.29	5.33	-3.12
2019	2	137.78	25.2	4.89	-0.8	81.39	5.69	2.04
2019	3	277.2	43	8.3	0.72	79.81	7.59	4.51
2019	4	534.21	1.9	14.92	2.22	59.57	12.7	8.57
2019	5	491.27	104.5	16.85	6.8	74.23	10.04	11.82
2019	6	718.16	75.3	26.23	13.51	66	12.72	19.87
2019	7	584.31	69.1	22.18	11.68	69.23	10.5	16.93
2019	8	508.23	48.2	24.25	12.23	72.9	12.01	18.24
2019	9	325.49	80.4	18.13	8.62	77.73	9.51	13.37
2019	10	186.04	32	13.78	5.78	84.84	8	9.78
2019	11	68.69	25.6	7.66	2.4	89.67	5.26	5.03
2019	12	49.44	38.5	4.81	0.1	88.65	4.72	2.45
